0	1	0.15127500371575223	5.173763455906059E-4	0.03291906339331015	0.0013454155448103073	0.01500484537719187	0.0028346176500433366	0.0022119823983867332	0.0021450253606203405	0.15495441337604074	0.0025320435681183816	0.49392214811862906	0.0013623962125664313	0.0019222377936726149	0.0024852085513224404	0.0018494293979307913	0.0012375356352642434	0.0012849160392843732	0.0016997684927349118	0.0015281538378928191	0.1269684191908376
1	2	0.0034307939159144516	7.367213819315701E-4	0.17406224607060353	0.0019158131365928132	0.36053140249733245	0.13122330565224344	0.0031497665929962693	0.13024135626711428	0.008670113016453804	0.0036055197585148136	0.15218024742788364	0.0019399928678890553	0.0027371828956327428	0.0035388287344841223	0.0026335069112467437	0.0017621968440800538	0.0018296644757637933	0.0024203963006888263	0.002176024506824442	0.011214920745809287
2	3	0.005191605660878976	0.001114834347579009	0.19924282561947218	0.0028990800872603526	0.481414926833048	0.006107989175490026	0.004766344605775694	0.004622066642257845	0.013119939267667878	0.005456007340425532	0.23028484175505468	0.0029356697609489407	0.004142007524821085	0.005355087988703041	0.00398512114789859	0.002666622168376609	0.0027687167118438283	0.0036626342019372917	0.0032928416642682575	0.016970837496292326
3	4	0.010665580402597406	0.0022903040304621328	0.01392629811728086	0.005955839827597644	0.0664229397743607	0.012548189116188371	0.009791928536186285	0.009495525396052158	0.026953466090645882	0.011208764449304864	0.7366921585527412	0.006031009270756847	0.008509296963179458	0.011001436788021745	0.008186991230340772	0.005478280708892301	0.005688022671811678	0.007524477419467859	0.006764779495469168	0.034864711158642855
4	5	0.006428946596223725	0.0013805383059482812	0.008394426135242104	0.003590032116579685	0.04003809604862709	0.007563736305212676	0.005902330980304647	0.0057236665394635984	0.016246878982571798	0.00675636442970164	0.04683483879574199	0.0036353423873288233	0.0051291925692451635	0.0066313924720588545	0.5610497349839012	0.003302171357501949	0.0034285985961234333	0.00453556784237166	0.0040776408287175134	0.25935050372713425
5	6	0.010665580402597406	0.0022903040304621328	0.01392629811728086	0.005955839827597644	0.0664229397743607	0.012548189116188371	0.009791928536186285	0.009495525396052158	0.026953466090645882	0.011208764449304864	0.6048934651598852	0.006031009270756847	0.008509296963179458	0.011001436788021745	0.13998568462319677	0.005478280708892301	0.005688022671811678	0.007524477419467859	0.006764779495469168	0.034864711158642855
6	7	0.005955789085245034	0.0012789334693119158	0.007776613291909627	0.0033258129890460747	0.0370913728822188	0.0070070605589907745	0.005467931317185066	0.005302416219065017	0.015051141437468978	0.006259109626138585	0.19058385776387857	0.0033677885151977035	0.004751694334803463	0.6685251945066429	0.0045717149156538905	0.003059138201610048	0.0031762606503019986	0.00420175919128843	0.003777534682818845	0.01946887636122431
7	8	0.3002003056016509	0.043132365908465344	0.004479667964468445	0.0019158131365928132	0.021366246285062174	0.004036372072642095	0.0031497665929962693	0.0030544226875129396	0.22064833564912267	0.04600116428504859	0.10978460290134985	0.04433563739442283	0.0027371828956327428	0.0035388287344841223	0.0026335069112467437	0.0017621968440800538	0.0018296644757637933	0.0024203963006888263	0.002176024506824442	0.1807974988519444
8	9	0.007643407168832334	0.0016413289839319629	0.009980175747303748	0.004268207365779241	0.047601495172510874	0.0089925644012004	0.2903749082216876	0.006804896137329711	0.019315996707685076	0.19693774057316407	0.05568217704790895	0.0043220769761550875	0.006098123023314303	0.007884096095937074	0.0058671450684404155	0.003925968251387985	0.00407627823569906	0.005392359579012832	0.2882055248589869	0.02498553038373251
9	10	0.007643407168832334	0.0016413289839319629	0.009980175747303748	0.004268207365779241	0.047601495172510874	0.0089925644012004	0.007017311195924541	0.006804896137329711	0.019315996707685076	0.6692004022827691	0.05568217704790895	0.0043220769761550875	0.006098123023314303	0.007884096095937074	0.0058671450684404155	0.003925968251387985	0.00407627823569906	0.09984489192093383	0.00484792783322387	0.02498553038373251
10	11	0.24232486641783976	0.0020235966376638596	0.012304571650929566	0.005262278409019445	0.05868794526987918	0.011086944338636728	0.008651652094448417	0.008389765292613028	0.023814717447540053	0.009903496544693585	0.06865062845720335	0.005328694321670715	0.00751838380169062	0.009720312324307537	0.007233610780905015	0.004840331360049334	0.0050256487350770615	0.006648247133870877	0.005977016526843666	0.49660729245511837
11	12	0.0963955892396412	8.04976365630646E-4	0.004894695505939295	0.002093307366590286	0.11599270643773972	0.004410329604998854	0.5129997679972819	0.04966087698949152	0.009473372480778904	0.00393956014118825	0.1662792820999577	0.0021197272760677907	0.002990774522677654	0.003866690397671836	0.0028774932753010533	0.0019254589942186784	0.0019991772957129172	0.00264463861820604	0.0023776265247442744	0.012253948866161496
12	13	0.004131408886015567	8.87169949121961E-4	0.0053944773391820635	0.053360462455218104	0.025729525563582142	0.00486065437239584	0.003792991945921432	0.0036781775128789666	0.01044066849739326	0.6169827854868918	0.03009728985608478	0.0023361659049308875	0.0032961530231269405	0.004261505889909446	0.0031713049868832477	0.0021220615049972772	0.0022033069484392893	0.0029146742793146455	0.0026203984278915554	0.21771881716982092
13	14	0.004601225419558865	9.880573513762177E-4	0.0060079277900321705	0.002569401811727901	0.3129510335544445	0.0054133994167609506	0.00422432430177282	0.004096453373858754	0.011627962908731642	0.004835559806330779	0.20409725561533726	0.0026018305722437353	0.4016848141309962	0.004746116825333584	0.0035319401979826233	0.00236337859748313	0.002453863129492076	0.0032461258988700416	0.002918385516524079	0.015040943781142721
14	15	0.003291258874621211	7.067579242104337E-4	0.00429747379317107	0.001837894418163071	0.7525816630968294	0.0038722073464490104	0.0030216613140463798	0.04360155134252367	0.008317487761944607	0.08480159071628993	0.023976801878939642	0.0018610907269957166	0.002625857955187445	0.04406625593862855	0.002526398613688479	0.001690525908596309	0.0017552495402020263	0.0023219555006757475	0.00208752263907704	0.010758794709760336
15	16	0.00942356663323634	0.0020235966376638596	0.012304571650929566	0.005262278409019445	0.05868794526987918	0.011086944338636728	0.008651652094448417	0.008389765292613028	0.023814717447540053	0.009903496544693585	0.7673545278110137	0.005328694321670715	0.00751838380169062	0.009720312324307537	0.007233610780905015	0.004840331360049334	0.0050256487350770615	0.006648247133870877	0.005977016526843666	0.030804692885911512
16	17	0.005955789085245034	0.0012789334693119158	0.007776613291909627	0.0033258129890460747	0.18428734158309976	0.0070070605589907745	0.005467931317185066	0.005302416219065017	0.08864912578790947	0.07985709397657907	0.558573779516081	0.0033677885151977035	0.004751694334803463	0.006143335352678638	0.0045717149156538905	0.003059138201610048	0.0031762606503019986	0.00420175919128843	0.003777534682818845	0.01946887636122431
17	18	0.014483354908320778	0.0031101248004339584	0.01891125570086537	0.008087749446734427	0.26917562432594955	0.017039848706426216	0.013296976898881402	0.012894475421000477	0.036601535093687416	0.3731737860564194	0.10551115679684775	0.008189826003512382	0.011555223746474282	0.014939432031619373	0.011117547769970251	0.007439246698189215	0.007724066386707	0.010217885276947393	0.009186251344141637	0.04734463258687197
18	19	0.005191605660878976	0.001114834347579009	0.0067788010977026854	0.0028990800872603526	0.41726025199245814	0.006107989175490026	0.004766344605775694	0.06877674148284767	0.013119939267667878	0.1337653570216052	0.03782081723328518	0.0029356697609489407	0.19660603204659055	0.005355087988703041	0.00398512114789859	0.06682129700896643	0.0027687167118438283	0.0036626342019372917	0.0032928416642682575	0.016970837496292326
19	20	0.0022739347591891187	4.882999093711267E-4	0.0029691298701384214	0.0012698034886914375	0.6604590334947574	0.14317475996270385	0.05828744835583281	0.002024475409663373	0.033846451849723666	0.002389743279477831	0.07276538045702276	0.0012858298466744474	0.0018142084547151265	0.0023455403802696215	0.001745491874714537	0.0011679864062073618	0.0012127040419983568	0.001604241879297515	0.001442271930109964	0.007433264349441267
20	21	0.003582684118242311	7.693379606312615E-4	0.048950604937282025	0.0020006311851470033	0.6421287310796626	0.09276029355755257	0.0032892149821508875	0.0031896499530881394	0.009053961551967941	0.04803775590839323	0.11464505385114847	0.0020258814162659785	0.0028583651275055065	0.0036955019202418176	0.0027500991366571892	0.0018402138983680527	0.0019106684982224797	0.002527553563070539	0.0022723627919889263	0.011711434562413116
21	22	0.005955789085245034	0.0012789334693119158	0.007776613291909627	0.0033258129890460747	0.0370913728822188	0.0070070605589907745	0.005467931317185066	0.005302416219065017	0.015051141437468978	0.006259109626138585	0.4849757951656405	0.29775972591695965	0.004751694334803463	0.07974131970311912	0.0045717149156538905	0.003059138201610048	0.0031762606503019986	0.00420175919128843	0.003777534682818845	0.01946887636122431
22	23	0.004131408886015567	8.87169949121961E-4	0.0053944773391820635	0.00230704834229462	0.07678293967650562	0.00486065437239584	0.003792991945921432	0.0036781775128789666	0.01044066849739326	0.4638225431481213	0.3364177745336257	0.0023361659049308875	0.0032961530231269405	0.05531492000283293	0.0031713049868832477	0.0021220615049972772	0.0022033069484392893	0.0029146742793146455	0.0026203984278915554	0.01350516071812696
23	24	0.004878619418419298	0.001047624348167254	0.006370127630852299	0.0027243032951902732	0.09066997502403747	0.005739756935621226	0.004478996069335214	0.004343416188957897	0.012328977711471543	0.005127081118393659	0.0355407142659508	0.0027586870878415336	0.003892298387395194	0.00503224588991749	0.0037448702168183974	0.0025058595629212158	0.002601799134377323	0.00344182503590087	0.0030943261746808797	0.7996784965037502
24	25	0.004131408886015567	8.87169949121961E-4	0.0053944773391820635	0.00230704834229462	0.025729525563582142	0.26012772493701325	0.003792991945921432	0.0036781775128789666	0.01044066849739326	0.004341816131809952	0.23431094630777874	0.2576032364695483	0.0032961530231269405	0.10636833411575641	0.0031713049868832477	0.0021220615049972772	0.0022033069484392893	0.0029146742793146455	0.0026203984278915554	0.06455857483105044
25	26	0.00304367786186032	6.535929045876783E-4	0.003974201466514865	0.001699641008531545	0.018955370798355072	0.0035809251796628007	0.26607767473517524	0.0027097747467787143	0.007691814692102733	0.19125819859049964	0.022173175631934595	0.0017210924027731857	0.002428330930824656	0.003139522495391145	0.41606727573905006	0.0015633581188559868	0.001623212992678453	0.0021472891750105613	0.0019304912450626563	0.04756137928435019
26	27	0.004353679066302262	9.348997744616293E-4	0.005684700719102434	0.0024311677565476337	0.13471396145013528	0.005122158027316252	0.05779714777894947	0.2728765263804959	0.06480246994390311	0.058375498756813485	0.19311680438108733	0.0024618518467475555	0.003473486360716175	0.004490775301041612	0.003341921488572202	0.0022362286102895574	0.05612193758153239	0.003071484025194109	0.002761376105739401	0.12183192464505226
27	28	0.014483354908320778	0.0031101248004339584	0.01891125570086537	0.008087749446734427	0.0901992179039594	0.017039848706426216	0.37124978974286166	0.012894475421000477	0.21557794151567755	0.015220973212439147	0.10551115679684775	0.008189826003512382	0.011555223746474282	0.014939432031619373	0.011117547769970251	0.007439246698189215	0.007724066386707	0.010217885276947393	0.009186251344141637	0.04734463258687197
28	29	0.008440647720654185	0.0018125267228417713	0.011021151407020566	0.004713399924597714	0.05256653778251686	0.009930527909770332	0.007749247219555112	0.007514676348141627	0.2299394220934956	0.21747920192685555	0.06149006986007463	0.004772888369212511	0.21534286679799602	0.008706441547815129	0.006479113771488963	0.004335463784732676	0.004501451752983314	0.005954806094216704	0.00535358775367298	0.13189597121235783
29	30	0.10412982198945799	5.873220107813892E-4	0.003571238274130829	0.03532555868967467	0.08462990031715674	0.1046125952459665	0.0025110269557269936	0.07003152253125766	0.006911905009699481	0.0028743581582102652	0.15511794134796195	0.0015465826566385531	0.002182110905922871	0.036619443742914	0.0020994593240457743	0.2379926083807097	0.001458627705555967	0.0019295653106759395	0.10312950665928317	0.04273890478422963
30	31	0.010665580402597406	0.0022903040304621328	0.14572499151013688	0.005955839827597644	0.5936177133457847	0.012548189116188371	0.009791928536186285	0.009495525396052158	0.026953466090645882	0.011208764449304864	0.07769869158846117	0.006031009270756847	0.008509296963179458	0.011001436788021745	0.008186991230340772	0.005478280708892301	0.005688022671811678	0.007524477419467859	0.006764779495469168	0.034864711158642855
31	32	0.005547503974542638	0.0011912591938086673	0.007243505860915634	0.14020311502447286	0.03454866106577148	0.006526708005352916	0.005093090148165033	0.004938921548248938	0.014019345841614426	0.005830031089268053	0.31462412503422	0.003136917695719519	0.0044259531072782165	0.005722193448784782	0.004258311753835787	0.0028494261783296097	0.00295851957306322	0.20957166045606834	0.0035185746786813954	0.22379217632185858
32	33	0.0031626304069138026	6.79136520882894E-4	0.08229320968779359	0.0017660661142155358	0.1760235598479775	0.27729378618163225	0.00290356921629206	0.1982249004855924	0.04707426954687637	0.0033236990330758756	0.17936712242985095	0.0017883558685122807	0.0025232345827758953	0.003262220825513104	0.0024276622958003063	0.0016244570378310327	0.0016866511505277094	0.0022312091967493864	0.002005938403804782	0.010338321167382326
33	34	0.008440647720654185	0.0018125267228417713	0.011021151407020566	0.004713399924597714	0.05256653778251686	0.009930527909770332	0.007749247219555112	0.007514676348141627	0.12563508055942504	0.008870518858714376	0.5830117775304275	0.004772888369212511	0.0067341837298548575	0.11301078308188572	0.006479113771488963	0.004335463784732676	0.004501451752983314	0.005954806094216704	0.00535358775367298	0.027591629678287245
34	35	0.045826438442448235	7.367213819315701E-4	0.04687531249100223	0.0019158131365928132	0.23334446891773106	0.004036372072642095	0.0031497665929962693	0.0030544226875129396	0.008670113016453804	0.17318809786464995	0.024993313848282295	0.0019399928678890553	0.0027371828956327428	0.08833011778755168	0.0026335069112467437	0.1713447749502152	0.04422530900229757	0.0024203963006888263	0.002176024506824442	0.1384018543254106
35	36	0.0029333490256582126	6.299011251728097E-4	0.0038301425212080515	0.0016380315271923968	0.12701384463610135	0.0034511219200768655	0.00269306900765962	0.0026115494063350887	0.18865562789624565	0.0393312666810895	0.05761795672772135	0.07415575739970202	0.00234030751386958	0.003025719432495674	0.0022516639359583235	0.0015066886913906656	0.001564373914261365	0.002069453107456586	0.0018605137829156141	0.4808196617474893
36	37	0.24476386957942636	0.0013805383059482812	0.008394426135242104	0.003590032116579685	0.04003809604862709	0.007563736305212676	0.005902330980304647	0.0057236665394635984	0.016246878982571798	0.00675636442970164	0.20572478745121042	0.0036353423873288233	0.0051291925692451635	0.0066313924720588545	0.004934914689761733	0.003302171357501949	0.0034285985961234333	0.08398054217010587	0.0040776408287175134	0.3387954780548685
37	38	0.004353679066302262	9.348997744616293E-4	0.005684700719102434	0.0024311677565476337	0.4037144240272712	0.005122158027316252	0.05779714777894947	0.0576761563187872	0.011002377428475926	0.004575406241386301	0.08551661935023296	0.0024618518467475555	0.003473486360716175	0.3272913303936047	0.003341921488572202	0.0022362286102895574	0.0023218450661052067	0.003071484025194109	0.002761376105739401	0.014231739614197903
38	39	0.0029333490256582126	6.299011251728097E-4	0.0038301425212080515	0.0016380315271923968	0.01826826654656553	0.0034511219200768655	0.00269306900765962	0.0026115494063350887	0.36989825804547205	0.0393312666810895	0.16636353481725716	0.0016587053400114928	0.00234030751386958	0.003025719432495674	0.0022516639359583235	0.0015066886913906656	0.14655847803364244	0.002069453107456586	0.0018605137829156141	0.22707997953857242
39	40	0.010665580402597406	0.0022903040304621328	0.14572499151013688	0.005955839827597644	0.0664229397743607	0.14434688250904437	0.009791928536186285	0.009495525396052158	0.026953466090645882	0.011208764449304864	0.07769869158846117	0.006031009270756847	0.008509296963179458	0.011001436788021745	0.008186991230340772	0.005478280708892301	0.005688022671811678	0.007524477419467859	0.006764779495469168	0.43026079133721085
40	41	0.004131408886015567	8.87169949121961E-4	0.20960813379087598	0.00230704834229462	0.38310342435404654	0.00486065437239584	0.003792991945921432	0.0036781775128789666	0.01044066849739326	0.31066230080935087	0.03009728985608478	0.0023361659049308875	0.0032961530231269405	0.004261505889909446	0.0031713049868832477	0.0021220615049972772	0.0022033069484392893	0.0029146742793146455	0.0026203984278915554	0.01350516071812696
41	42	0.0031626304069138026	6.79136520882894E-4	0.004129520590434334	0.3535026670523322	0.4105146271400553	0.003720874340874835	0.00290356921629206	0.002815677742194258	0.12523795864423562	0.0033236990330758756	0.06212158878381206	0.0017883558685122807	0.0025232345827758953	0.003262220825513104	0.0024276622958003063	0.0016244570378310327	0.0016866511505277094	0.0022312091967493864	0.002005938403804782	0.010338321167382326
42	43	0.008440647720654185	0.0018125267228417713	0.011021151407020566	0.004713399924597714	0.05256653778251686	0.11423486944384093	0.007749247219555112	0.007514676348141627	0.021330739025354446	0.008870518858714376	0.6873161190644982	0.004772888369212511	0.0067341837298548575	0.008706441547815129	0.006479113771488963	0.004335463784732676	0.004501451752983314	0.005954806094216704	0.00535358775367298	0.027591629678287245
43	44	0.004131408886015567	8.87169949121961E-4	0.0053944773391820635	0.00230704834229462	0.28099659612819955	0.00486065437239584	0.05484640605884492	0.0036781775128789666	0.36781456728785766	0.004341816131809952	0.08115070396900827	0.0023361659049308875	0.0032961530231269405	0.1574217482286799	0.0031713049868832477	0.0021220615049972772	0.0022033069484392893	0.0029146742793146455	0.0026203984278915554	0.01350516071812696
44	45	0.003291258874621211	0.5294343881084999	0.00429747379317107	0.001837894418163071	0.020497252072428727	0.0038722073464490104	0.0030216613140463798	0.002930195174501413	0.008317487761944607	0.24748701538837897	0.14599087038300643	0.0018610907269957166	0.002625857955187445	0.003394899770606287	0.002526398613688479	0.001690525908596309	0.0017552495402020263	0.0023219555006757475	0.00208752263907704	0.010758794709760336
45	46	0.004353679066302262	9.348997744616293E-4	0.005684700719102434	0.0024311677565476337	0.61891479408898	0.005122158027316252	0.05779714777894947	0.003876063803360019	0.011002377428475926	0.058375498756813485	0.03171652683480577	0.0024618518467475555	0.16487376390699773	0.004490775301041612	0.003341921488572202	0.0022362286102895574	0.0023218450661052067	0.003071484025194109	0.002761376105739401	0.014231739614197903
46	47	0.00304367786186032	6.535929045876783E-4	0.041586103506488094	0.001699641008531545	0.5455219993579803	0.0035809251796628007	0.0027943604553626014	0.0027097747467787143	0.007691814692102733	0.003198688390633472	0.022173175631934595	0.0017210924027731857	0.002428330930824656	0.003139522495391145	0.0023363532993445285	0.18962286831872216	0.001623212992678453	0.0021472891750105613	0.15237809940495559	0.00994947724437696
47	48	0.4810377305801503	4.6231775383377704E-4	0.0028111441883555185	0.0012022379800524122	0.11982688945213538	0.0025329609212219263	0.0019765857922526826	0.028521464832337376	0.005440791150573975	0.002262586422820424	0.015684155506530104	0.0012174115848036058	0.16134593899737826	0.16184899905872227	0.001652615262395643	0.0011058385255930218	0.0011481767618672723	0.0015188810974757052	0.0013655294755321374	0.007037744655968149
48	49	0.006983772199308536	0.087800848813635	0.009118874919086773	0.003899856082973362	0.1297945989584977	0.008216495586115568	0.17901404591803521	0.00621762564957342	0.01764900362225167	0.2662429518908098	0.05087674010745778	0.003949076683030429	0.005571847881118678	0.0935048578295827	0.0053608035936340125	0.0035871526040395347	0.0037244906610765455	0.09122816108551066	0.004429545996709627	0.022829249917553036
49	50	0.008440647720654185	0.0018125267228417713	0.011021151407020566	0.004713399924597714	0.15687087931658744	0.009930527909770332	0.007749247219555112	0.007514676348141627	0.021330739025354446	0.008870518858714376	0.6873161190644982	0.004772888369212511	0.0067341837298548575	0.008706441547815129	0.006479113771488963	0.004335463784732676	0.004501451752983314	0.005954806094216704	0.00535358775367298	0.027591629678287245
50	51	0.005955789085245034	0.0012789334693119158	0.007776613291909627	0.0033258129890460747	0.4050812946344212	0.0070070605589907745	0.005467931317185066	0.005302416219065017	0.015051141437468978	0.006259109626138585	0.19058385776387857	0.0033677885151977035	0.15194766303568444	0.006143335352678638	0.15176768361653487	0.003059138201610048	0.0031762606503019986	0.00420175919128843	0.003777534682818845	0.01946887636122431
51	52	0.007643407168832334	0.0016413289839319629	0.009980175747303748	0.004268207365779241	0.047601495172510874	0.10344509674312141	0.007017311195924541	0.006804896137329711	0.019315996707685076	0.008032675889322037	0.244587241731751	0.0043220769761550875	0.006098123023314303	0.007884096095937074	0.0058671450684404155	0.003925968251387985	0.00407627823569906	0.005392359579012832	0.00484792783322387	0.4972481920933376
52	53	0.0025618900700927726	5.501348198271019E-4	0.00334511986343705	0.0014306025867724555	0.11092969315661946	0.28793847496904657	0.002352037445407519	0.0022808409204374378	0.10144906023415122	0.0026923637773796027	0.3352459978748561	0.0014486584114659776	0.002043947218112113	0.0659590920341647	0.0019665288474913904	0.0013158920958370045	0.0013662724625682946	0.06512392063756213	0.0016249112342342947	0.008374561340536863
53	54	0.002735064884350801	5.873220107813892E-4	0.003571238274130829	0.0015273063213056095	0.1184281526855258	0.0032178381408593288	0.0025110269557269936	0.13762802726799578	0.006911905009699481	0.0028743581582102652	0.39170570792654535	0.271932601603591	0.03598036327429193	0.0028211913745449396	0.0020994593240457743	0.0014048418021262868	0.001458627705555967	0.0019295653106759395	0.0017347495541759923	0.008940652415860567
54	55	0.004878619418419298	0.001047624348167254	0.1269440937231409	0.0027243032951902732	0.15095695807018175	0.005739756935621226	0.004478996069335214	0.004343416188957897	0.313763892942193	0.30656199634911513	0.0355407142659508	0.0027586870878415336	0.003892298387395194	0.00503224588991749	0.0037448702168183974	0.0025058595629212158	0.002601799134377323	0.00344182503590087	0.0030943261746808797	0.015947716903874483
55	56	0.006983772199308536	0.0014996803748261517	0.009118874919086773	0.003899856082973362	0.1297945989584977	0.008216495586115568	0.006411709040417518	0.00621762564957342	0.01764900362225167	0.007339446574383297	0.48238258230150205	0.003949076683030429	0.005571847881118678	0.007203689390773854	0.0053608035936340125	0.0035871526040395347	0.0037244906610765455	0.17752932952431952	0.004429545996709627	0.10913041835636189
56	57	0.0025618900700927726	5.501348198271019E-4	0.00334511986343705	0.0014306025867724555	0.2375627505651522	0.3195967393211797	0.002352037445407519	0.09725563397683698	0.16476558893841758	0.0026923637773796027	0.01866335435352428	0.0014486584114659776	0.002043947218112113	0.12927562073843105	0.0019665288474913904	0.0013158920958370045	0.0013662724625682946	0.0018073919332957696	0.0016249112342342947	0.008374561340536863
57	58	0.0025618900700927726	5.501348198271019E-4	0.00334511986343705	0.0014306025867724555	0.2375627505651522	0.0030140957998479262	0.002352037445407519	0.19223042703323653	0.06979079588201804	0.0026923637773796027	0.39856252657912244	0.0014486584114659776	0.002043947218112113	0.002642563329898336	0.0019665288474913904	0.0013158920958370045	0.0013662724625682946	0.0018073919332957696	0.0016249112342342947	0.07169109004480322
58	59	0.0031626304069138026	6.79136520882894E-4	0.19953874333383248	0.0017660661142155358	0.29326909349401636	0.3945393198276711	0.00290356921629206	0.002815677742194258	0.007992424998196742	0.0033236990330758756	0.06212158878381206	0.0017883558685122807	0.0025232345827758953	0.003262220825513104	0.0024276622958003063	0.0016244570378310327	0.0016866511505277094	0.0022312091967493864	0.002005938403804782	0.010338321167382326
59	60	0.0025618900700927726	5.501348198271019E-4	0.00334511986343705	0.0014306025867724555	0.36419580797368495	0.0030140957998479262	0.002352037445407519	0.0655973696247038	0.3863734394033499	0.0026923637773796027	0.08197988305779065	0.0014486584114659776	0.06536047592237847	0.002642563329898336	0.0019665288474913904	0.0013158920958370045	0.0013662724625682946	0.0018073919332957696	0.0016249112342342947	0.008374561340536863
60	61	0.004131408886015567	8.87169949121961E-4	0.0053944773391820635	0.00230704834229462	0.025729525563582142	0.00486065437239584	0.003792991945921432	0.0036781775128789666	0.01044066849739326	0.004341816131809952	0.38747118864654917	0.0023361659049308875	0.0032961530231269405	0.004261505889909446	0.0031713049868832477	0.0021220615049972772	0.0022033069484392893	0.0029146742793146455	0.0026203984278915554	0.5240393018473618
61	62	0.005547503974542638	0.0011912591938086673	0.007243505860915634	0.003097819703022536	0.10310130872649666	0.006526708005352916	0.005093090148165033	0.004938921548248938	0.014019345841614426	0.005830031089268053	0.38317677269494516	0.003136917695719519	0.0044259531072782165	0.005722193448784782	0.004258311753835787	0.0028494261783296097	0.00295851957306322	0.41522960343824383	0.0035185746786813954	0.018134233339683076
62	63	0.004878619418419298	0.001047624348167254	0.006370127630852299	0.0027243032951902732	0.5729658393931918	0.06602673998176552	0.004478996069335214	0.004343416188957897	0.012328977711471543	0.005127081118393659	0.2164016634043837	0.0027586870878415336	0.003892298387395194	0.00503224588991749	0.0037448702168183974	0.0025058595629212158	0.002601799134377323	0.00344182503590087	0.0030943261746808797	0.07623469995001877
63	64	0.008440647720654185	0.0018125267228417713	0.011021151407020566	0.004713399924597714	0.05256653778251686	0.009930527909770332	0.007749247219555112	0.007514676348141627	0.021330739025354446	0.008870518858714376	0.06149006986007463	0.004772888369212511	0.0067341837298548575	0.008706441547815129	0.006479113771488963	0.004335463784732676	0.004501451752983314	0.005954806094216704	0.00535358775367298	0.7577220204167814
64	65	0.003291258874621211	7.067579242104337E-4	0.00429747379317107	0.001837894418163071	0.5492248822567182	0.0038722073464490104	0.20637844215415768	0.002930195174501413	0.048988843929966865	0.0034588783802454157	0.14599087038300643	0.0018610907269957166	0.002625857955187445	0.003394899770606287	0.002526398613688479	0.001690525908596309	0.0017552495402020263	0.0023219555006757475	0.00208752263907704	0.010758794709760336
65	66	0.005547503974542638	0.0011912591938086673	0.007243505860915634	0.003097819703022536	0.10310130872649666	0.006526708005352916	0.005093090148165033	0.004938921548248938	0.2882299364845151	0.005830031089268053	0.4517294203556703	0.003136917695719519	0.0044259531072782165	0.005722193448784782	0.07281095941456095	0.0028494261783296097	0.00295851957306322	0.00391371747389282	0.0035185746786813954	0.018134233339683076
66	67	0.008440647720654185	0.31472555132505353	0.011021151407020566	0.004713399924597714	0.05256653778251686	0.009930527909770332	0.007749247219555112	0.007514676348141627	0.021330739025354446	0.008870518858714376	0.27009875292821584	0.1090772299032831	0.0067341837298548575	0.008706441547815129	0.006479113771488963	0.004335463784732676	0.004501451752983314	0.005954806094216704	0.00535358775367298	0.13189597121235783
67	68	0.0031626304069138026	6.79136520882894E-4	0.004129520590434334	0.0017660661142155358	0.058778026201938595	0.003720874340874835	0.00290356921629206	0.002815677742194258	0.16431980319291525	0.0033236990330758756	0.023039744235132432	0.0017883558685122807	0.0025232345827758953	0.04234406537419273	0.5886553305259947	0.0016244570378310327	0.0016866511505277094	0.08039489829410865	0.002005938403804782	0.010338321167382326
68	69	0.004131408886015567	8.87169949121961E-4	0.1585547196779525	0.00230704834229462	0.28099659612819955	0.26012772493701325	0.003792991945921432	0.0036781775128789666	0.11254749672324021	0.004341816131809952	0.08115070396900827	0.0023361659049308875	0.0032961530231269405	0.004261505889909446	0.05422471909980673	0.0021220615049972772	0.0022033069484392893	0.0029146742793146455	0.0026203984278915554	0.01350516071812696
69	70	0.01228468596099858	0.002637987311275128	0.016040402163990785	0.006859975655729607	0.07650638080001956	0.014453087113201446	0.011278407970211768	0.01093700887546444	0.031045180288863775	0.012910328934089894	0.24130047189172626	0.006946556316904788	0.00980106445178372	0.012671527564286229	0.16123643624800424	0.006309919908207638	0.006551502086584022	0.008666742795945412	0.007791717708771188	0.34377061595394165
70	71	0.0034307939159144516	7.367213819315701E-4	0.13166660154406978	0.0019158131365928132	0.4029270470238662	0.13122330565224344	0.0031497665929962693	0.0878457117405805	0.008670113016453804	0.0036055197585148136	0.024993313848282295	0.0019399928678890553	0.0027371828956327428	0.0035388287344841223	0.0026335069112467437	0.0017621968440800538	0.0018296644757637933	0.0024203963006888263	0.08696731355989198	0.09600620979887683
71	72	0.005547503974542638	0.0011912591938086673	0.007243505860915634	0.003097819703022536	0.03454866106577148	0.006526708005352916	0.005093090148165033	0.004938921548248938	0.014019345841614426	0.005830031089268053	0.04041353439131927	0.003136917695719519	0.07297860076800339	0.005722193448784782	0.004258311753835787	0.0028494261783296097	0.00295851957306322	0.00391371747389282	0.0035185746786813954	0.77221335760766
72	73	0.007643407168832334	0.0016413289839319629	0.009980175747303748	0.004268207365779241	0.047601495172510874	0.0089925644012004	0.10146984353784556	0.006804896137329711	0.019315996707685076	0.008032675889322037	0.244587241731751	0.0043220769761550875	0.006098123023314303	0.007884096095937074	0.0058671450684404155	0.003925968251387985	0.09852881057762007	0.005392359579012832	0.19375299251706588	0.21389059506757452
73	74	0.006428946596223725	0.0013805383059482812	0.008394426135242104	0.003590032116579685	0.1194830703763613	0.007563736305212676	0.005902330980304647	0.0057236665394635984	0.016246878982571798	0.00675636442970164	0.6029496590898815	0.16252529104279723	0.0051291925692451635	0.0066313924720588545	0.004934914689761733	0.003302171357501949	0.0034285985961234333	0.00453556784237166	0.0040776408287175134	0.021015580743931606
74	75	0.004878619418419298	0.001047624348167254	0.06665711067699659	0.0027243032951902732	0.21124394111632605	0.005739756935621226	0.004478996069335214	0.004343416188957897	0.012328977711471543	0.18598803025682653	0.276688646450528	0.0027586870878415336	0.12446626447968377	0.00503224588991749	0.0037448702168183974	0.0025058595629212158	0.002601799134377323	0.00344182503590087	0.0030943261746808797	0.07623469995001877
75	76	0.061460343762163826	0.057847175693981165	0.0060079277900321705	0.002569401811727901	0.028655441841419736	0.0054133994167609506	0.06108344264437778	0.004096453373858754	0.011627962908731642	0.004835559806330779	0.6589702023561769	0.0026018305722437353	0.00367098573276156	0.004746116825333584	0.0035319401979826233	0.00236337859748313	0.002453863129492076	0.0032461258988700416	0.059777503859129034	0.015040943781142721
76	77	0.0034307939159144516	7.367213819315701E-4	0.004479667964468445	0.2138940357692617	0.19094882439119729	0.004036372072642095	0.0031497665929962693	0.0030544226875129396	0.008670113016453804	0.0036055197585148136	0.06738895837481607	0.17152257097402415	0.0027371828956327428	0.0035388287344841223	0.2994030185969832	0.0017621968440800538	0.0018296644757637933	0.0024203963006888263	0.002176024506824442	0.011214920745809287
77	78	0.00942356663323634	0.0020235966376638596	0.012304571650929566	0.005262278409019445	0.05868794526987918	0.011086944338636728	0.47445425166365524	0.008389765292613028	0.023814717447540053	0.009903496544693585	0.30155192824180677	0.005328694321670715	0.00751838380169062	0.009720312324307537	0.007233610780905015	0.004840331360049334	0.0050256487350770615	0.006648247133870877	0.005977016526843666	0.030804692885911512
78	79	0.0037486464834504654	8.04976365630646E-4	0.004894695505939295	0.002093307366590286	0.2549631205720258	0.004410329604998854	0.09608852559442368	0.28127823387996836	0.009473372480778904	0.00393956014118825	0.027308867965671613	0.18741361278844923	0.002990774522677654	0.003866690397671836	0.0028774932753010533	0.048248930372314036	0.0019991772957129172	0.00264463861820604	0.0023776265247442744	0.05857742024425686
79	80	0.005955789085245034	0.0012789334693119158	0.007776613291909627	0.0033258129890460747	0.6258752476857428	0.0070070605589907745	0.07906591566762555	0.005302416219065017	0.015051141437468978	0.006259109626138585	0.11698587341343805	0.0033677885151977035	0.004751694334803463	0.006143335352678638	0.0045717149156538905	0.003059138201610048	0.07677424500074248	0.00420175919128843	0.003777534682818845	0.01946887636122431
80	81	0.0034307939159144516	7.367213819315701E-4	0.004479667964468445	0.0019158131365928132	0.021366246285062174	0.004036372072642095	0.0031497665929962693	0.0030544226875129396	0.008670113016453804	0.4275619650238526	0.32176282553401875	0.0019399928678890553	0.0027371828956327428	0.0035388287344841223	0.0026335069112467437	0.0017621968440800538	0.0018296644757637933	0.0024203963006888263	0.12936295808642576	0.053610565272343064
81	82	0.005547503974542638	0.0011912591938086673	0.007243505860915634	0.07165046736374771	0.4458645470301225	0.006526708005352916	0.005093090148165033	0.004938921548248938	0.014019345841614426	0.005830031089268053	0.10896618205204443	0.003136917695719519	0.0044259531072782165	0.005722193448784782	0.004258311753835787	0.0028494261783296097	0.00295851957306322	0.00391371747389282	0.0035185746786813954	0.29234482398258377
82	83	0.014483354908320778	0.0031101248004339584	0.01891125570086537	0.008087749446734427	0.0901992179039594	0.017039848706426216	0.013296976898881402	0.012894475421000477	0.036601535093687416	0.015220973212439147	0.46346396964082803	0.008189826003512382	0.011555223746474282	0.1939158384536095	0.011117547769970251	0.007439246698189215	0.007724066386707	0.010217885276947393	0.009186251344141637	0.04734463258687197
83	84	0.050072117861545834	8.04976365630646E-4	0.004894695505939295	0.002093307366590286	0.023345763681549003	0.05073380098309422	0.0034415828382329565	0.003337405611396161	0.6116785003960187	0.00393956014118825	0.21260275347805307	0.0021197272760677907	0.002990774522677654	0.003866690397671836	0.0028774932753010533	0.0019254589942186784	0.0019991772957129172	0.00264463861820604	0.0023776265247442744	0.012253948866161496
84	85	0.007643407168832334	0.0016413289839319629	0.009980175747303748	0.004268207365779241	0.047601495172510874	0.0089925644012004	0.007017311195924541	0.006804896137329711	0.11376852904960609	0.008032675889322037	0.716849903441356	0.0043220769761550875	0.006098123023314303	0.007884096095937074	0.0058671450684404155	0.003925968251387985	0.00407627823569906	0.005392359579012832	0.00484792783322387	0.02498553038373251
85	86	0.004601225419558865	9.880573513762177E-4	0.0060079277900321705	0.002569401811727901	0.1992327968692346	0.0054133994167609506	0.00422432430177282	0.004096453373858754	0.011627962908731642	0.004835559806330779	0.3178154923005472	0.0026018305722437353	0.00367098573276156	0.004746116825333584	0.0035319401979826233	0.00236337859748313	0.002453863129492076	0.0032461258988700416	0.002918385516524079	0.4130547721793774
86	87	0.004878619418419298	0.001047624348167254	0.006370127630852299	0.0027243032951902732	0.5126788563470476	0.005739756935621226	0.004478996069335214	0.004343416188957897	0.012328977711471543	0.005127081118393659	0.2164016634043837	0.0027586870878415336	0.003892298387395194	0.18589319502835036	0.0037448702168183974	0.0025058595629212158	0.002601799134377323	0.00344182503590087	0.0030943261746808797	0.015947716903874483
87	88	0.045826438442448235	7.367213819315701E-4	0.004479667964468445	0.0019158131365928132	0.10615753533812973	0.004036372072642095	0.04554541111953005	0.17263700079364805	0.008670113016453804	0.0036055197585148136	0.1945758919544174	0.0019399928678890553	0.0027371828956327428	0.30030834042022053	0.0874247959643143	0.0017621968440800538	0.0018296644757637933	0.0024203963006888263	0.002176024506824442	0.011214920745809287
88	89	0.0028307389125045938	0.21049106640462642	0.24855989490952152	0.0015807323108754118	0.08759029935994515	0.0033303998349691923	0.0025988640176671826	0.0025201960154680814	0.007153687132777448	0.0029749047393631167	0.3004661826922307	0.0016006829426975899	0.0022584423090433194	0.0029198781532534883	0.0021728995307574244	0.001453983917509834	0.001509651280523326	0.0019970625342023243	0.0017954320186526654	0.11419500098341122
89	90	0.010665580402597406	0.0022903040304621328	0.01392629811728086	0.005955839827597644	0.1982216331672167	0.012548189116188371	0.009791928536186285	0.009495525396052158	0.026953466090645882	0.011208764449304864	0.07769869158846117	0.5332257828421808	0.008509296963179458	0.011001436788021745	0.008186991230340772	0.005478280708892301	0.005688022671811678	0.007524477419467859	0.006764779495469168	0.034864711158642855
90	91	0.0028307389125045938	6.078668479135359E-4	0.003696162093356491	0.0015807323108754118	0.017629232841040857	0.14325253287277778	0.037579397277119335	0.0025201960154680814	0.007153687132777448	0.17787757103662388	0.12556351639496993	0.31642548227776696	0.0022584423090433194	0.0029198781532534883	0.0021728995307574244	0.001453983917509834	0.001509651280523326	0.0019970625342023243	0.0017954320186526654	0.1491755342428634
91	92	0.07543040108534875	6.299011251728097E-4	0.0038301425212080515	0.4366203438853356	0.16326237066594662	0.0034511219200768655	0.00269306900765962	0.03886007543618036	0.0074129977470193	0.003082740651244231	0.05761795672772135	0.0016587053400114928	0.00234030751386958	0.003025719432495674	0.07474871599564886	0.037755214721235934	0.001564373914261365	0.002069453107456586	0.0018605137829156141	0.08208587541919134
92	93	0.12587421652553807	0.0020235966376638596	0.012304571650929566	0.12171292830132115	0.1751385951621809	0.011086944338636728	0.008651652094448417	0.008389765292613028	0.25671601723214343	0.009903496544693585	0.18510127834950507	0.005328694321670715	0.00751838380169062	0.009720312324307537	0.007233610780905015	0.004840331360049334	0.0050256487350770615	0.006648247133870877	0.005977016526843666	0.030804692885911512
93	94	0.10209593951075335	0.0016413289839319629	0.009980175747303748	0.004268207365779241	0.2365065598563529	0.0089925644012004	0.007017311195924541	0.006804896137329711	0.019315996707685076	0.008032675889322037	0.05568217704790895	0.0043220769761550875	0.006098123023314303	0.007884096095937074	0.0058671450684404155	0.003925968251387985	0.00407627823569906	0.005392359579012832	0.00484792783322387	0.4972481920933376
