0	1	0.004357554382042905	0.013709682754666374	0.2486882137492645	0.1849620637785515	0.00264900506783801	0.0019531881913916445	0.0015218453314159548	0.318681321333693	0.003679976668476256	0.21979714874265993
1	2	0.00625480819697866	0.7163094860805204	0.00865027090828982	0.178414633875559	0.003802366455925519	0.0028035949614542517	0.0021844479308624487	0.06557855218913476	0.005282217090744473	0.010719622310530816
2	3	0.14321902961877564	0.69830242880519	0.013273706575224965	0.006532242275630753	0.005834672366048677	0.004302072995015621	0.0033520014772413617	0.033818709739992917	0.07491604193286401	0.016449094214016014
3	4	0.020617801254534624	0.06486746682112869	0.028513994477265138	0.014032276449378753	0.012533787354670664	0.009241524582864142	0.00720062260440806	0.7902454662594288	0.01741183721874681	0.03533522297757417
4	5	0.01309833454275129	0.04120981528896502	0.018114726890736614	0.008914600012933423	0.007962621126880568	0.0058710712736544345	0.00457450154962039	0.22850639580613788	0.011061609629441627	0.6606863238788787
5	6	0.020617801254534624	0.3519065055340565	0.028513994477265138	0.014032276449378753	0.012533787354670664	0.009241524582864142	0.00720062260440806	0.0726478694771093	0.01741183721874681	0.46589378104696594
6	7	0.011078185824925355	0.034854048817576685	0.09243561962970014	0.7786868743761256	0.0067345505803923945	0.004965579276406483	0.00386897876655233	0.03903455018877595	0.009355583841424629	0.01898602869812048
7	8	0.00625480819697866	0.1938364706420891	0.4875838683935184	0.004256962062748621	0.003802366455925519	0.0028035949614542517	0.0021844479308624487	0.06557855218913476	0.005282217090744473	0.22841671207654382
8	9	0.21506064063722097	0.14566826712694722	0.019932070809982192	0.009808949357736177	0.008761464033730727	0.0064600812953340605	0.4063298889454253	0.15110698378212606	0.012171355811009182	0.024700298200488045
9	10	0.014412413345986584	0.04534415348133004	0.019932070809982192	0.009808949357736177	0.8113543731986682	0.0064600812953340605	0.005033434362956557	0.05078287013650887	0.012171355811009182	0.024700298200488045
10	11	0.018030126207323215	0.18223299440910823	0.024935293184424084	0.012271129798707474	0.01096071133243469	0.00808165005181982	0.00629689522786663	0.06353006507312896	0.14073337083548668	0.5329277638797002
11	12	0.10735634204161432	0.12279718916302634	0.00994991089552153	0.004896539502522733	0.004373644227988534	0.6041955823570525	0.002512645268387879	0.1255121477150458	0.006075831605844959	0.012330167222995451
12	13	0.007573852760379356	0.023828760233779406	0.010474482371566096	0.05787591454759806	0.7427013569855866	0.0033948307876255704	0.002645115001137736	0.026686854722390366	0.11183860386508869	0.012980228724848131
13	14	0.6567574206790934	0.26237960141162064	0.011709120711398232	0.005762279954584793	0.005146933349652233	0.003794983091000766	0.002956897510079177	0.029832462575933118	0.00715007867326617	0.01451022204337159
14	15	0.005993839896577013	0.8115915176460623	0.008289357123908606	0.004079349557392114	0.0036437209658869213	0.0026866210448985442	0.0020933065807394445	0.14628808981165467	0.005061828043932457	0.010272369328948086
15	16	0.018030126207323215	0.18223299440910823	0.024935293184424084	0.012271129798707474	0.01096071133243469	0.00808165005181982	0.00629689522786663	0.6910642563444424	0.015226532581224002	0.030900410862649462
16	17	0.011078185824925355	0.4204276328546214	0.015320902822291196	0.0075397063020360535	0.0067345505803923945	0.004965579276406483	0.23521312918877918	0.2703787006110028	0.009355583841424629	0.01898602869812048
17	18	0.02891855567703785	0.09098319591584195	0.0399937668758052	0.01968168975766499	0.42018124740910767	0.012962174767859502	0.010099602917120655	0.10189599911047274	0.024421866222961358	0.250861901346128
18	19	0.5440823999067829	0.2974390585171827	0.013273706575224965	0.006532242275630753	0.005834672366048677	0.004302072995015621	0.0033520014772413617	0.1006292714546608	0.00810548021819613	0.016449094214016014
19	20	0.061303972653010394	0.6706755399923416	0.1486708522115388	0.0027960837529345177	0.0024974934973350186	0.0018414743204147313	0.001434802396306109	0.07167152983063829	0.0034694980056663516	0.03563875333981422
20	21	0.006539535778456813	0.8854810703518254	0.05456543619373004	0.004450744905387369	0.003975455473333326	0.0029312185092402253	0.0022838870434030794	0.023042386324765272	0.0055226709703401315	0.01120759444951839
21	22	0.011078185824925355	0.034854048817576685	0.015320902822291196	0.39311329033908077	0.0067345505803923945	0.004965579276406483	0.00386897876655233	0.42460813422582067	0.009355583841424629	0.09610074550552944
22	23	0.17496171913210407	0.19212130074261466	0.011057444367300797	0.22806336463991314	0.00486047847474865	0.003583771611709454	0.0027923300581984027	0.2507939104944145	0.11806303132571046	0.013702649153285873
23	24	0.1342497297632505	0.02830569244644177	0.01244242141162377	0.006123151110476056	0.005469267530188959	0.004032649421937637	0.003142077513606298	0.031700763897234606	0.007597862740661583	0.7669363841645788
24	25	0.007573852760379356	0.023828760233779406	0.010474482371566096	0.7959730434303796	0.004604228102805183	0.0033948307876255704	0.002645115001137736	0.07940807821401762	0.006396156881834204	0.06570145221647539
25	26	0.12106036815639666	0.0174053432819618	0.0076509209706815415	0.0037651630408553623	0.15740064134046233	0.002479700775998954	0.0019320826666342661	0.019492993466801768	0.004671972235290287	0.6641408140649171
26	27	0.17496171913210407	0.19212130074261466	0.011057444367300797	0.005441577689485218	0.00486047847474865	0.003583771611709454	0.0027923300581984027	0.02817212354398662	0.39634026501374536	0.1806689893661068
27	28	0.23021922590921357	0.09098319591584195	0.0399937668758052	0.01968168975766499	0.01757990694475621	0.012962174767859502	0.010099602917120655	0.5044973395748241	0.024421866222961358	0.04956123111395228
28	29	0.016019561671690205	0.050400543316850614	0.022154723842549382	0.010902758989666226	0.23276125824992772	0.007180453976054917	0.22861751078784925	0.39097992555821803	0.013528600683440879	0.02745466292375273
29	30	0.07400169875526817	0.2227300786404396	0.006858563683612938	0.003375229020643234	0.00301479257272818	0.002222893917433609	0.001731989137241787	0.22460152415617543	0.4529639341914478	0.008499295925009242
30	31	0.020617801254534624	0.3519065055340565	0.028513994477265138	0.014032276449378753	0.012533787354670664	0.009241524582864142	0.00720062260440806	0.3596869081900371	0.16093135657521074	0.03533522297757417
31	32	0.010285056598020807	0.032358715625838655	0.014224021437291916	0.006999910208620958	0.006252398630624737	0.004610074673498629	0.003591983942081922	0.32261504925713913	0.15187334728942523	0.44718944233745794
32	33	0.005753776074357484	0.0581542154022068	0.00795735380229092	0.2842782671575935	0.0034977835372492646	0.0025790171502296034	0.04206122350449453	0.5809983275538141	0.004859092934451407	0.009860942883312419
33	34	0.016019561671690205	0.050400543316850614	0.022154723842549382	0.010902758989666226	0.00973846711534467	0.007180453976054917	0.005594719653266204	0.837025507827384	0.013528600683440879	0.02745466292375273
34	35	0.00625480819697866	0.23737588859529168	0.00865027090828982	0.004256962062748621	0.2650388741751411	0.0028035949614542517	0.0021844479308624487	0.10911797014233734	0.3535975607163653	0.010719622310530816
35	36	0.005532201674284429	0.0174053432819618	0.23870725393490602	0.0037651630408553623	0.0033630860309793566	0.19502664491285268	0.0019320826666342661	0.17353054877628474	0.004671972235290287	0.3560657034459511
36	37	0.012003860096893016	0.37199955649912414	0.01660109127462809	0.00816971127327278	0.007297278115753639	0.005380494593248648	0.004192264019172724	0.1258545012164274	0.010137320436035463	0.4383639224754441
37	38	0.1852731807767304	0.26237960141162064	0.011709120711398232	0.005762279954584793	0.005146933349652233	0.4752792229933637	0.002956897510079177	0.029832462575933118	0.00715007867326617	0.01451022204337159
38	39	0.005327059855020758	0.01675992867201228	0.3410998727869008	0.003625545499503652	0.0032383780706853054	0.002387749983463221	0.00186043832383246	0.46374704415436635	0.004498728933558924	0.15745525372065636
39	40	0.26904380271584855	0.18223299440910823	0.024935293184424084	0.012271129798707474	0.01096071133243469	0.00808165005181982	0.00629689522786663	0.44005057983591694	0.015226532581224002	0.030900410862649462
40	41	0.4293436406933973	0.4983197716584246	0.010474482371566096	0.005154691055970815	0.004604228102805183	0.0033948307876255704	0.002645115001137736	0.026686854722390366	0.006396156881834204	0.012980228724848131
41	42	0.2060125637311859	0.2584130030590352	0.20821614145911932	0.00391596443803376	0.0034977835372492646	0.0025790171502296034	0.0020094659731288564	0.2605842673028887	0.004859092934451407	0.0499127004146781
42	43	0.016019561671690205	0.16191193888414213	0.022154723842549382	0.010902758989666226	0.00973846711534467	0.007180453976054917	0.005594719653266204	0.7255141122600925	0.013528600683440879	0.02745466292375273
43	44	0.007573852760379356	0.2874348776919156	0.43224427030458407	0.005154691055970815	0.004604228102805183	0.21427972475413457	0.002645115001137736	0.026686854722390366	0.006396156881834204	0.012980228724848131
44	45	0.005993839896577013	0.10230340406793471	0.008289357123908606	0.045802179767870196	0.37914919286018967	0.0026866210448985442	0.33587594826456413	0.10456525960117659	0.005061828043932457	0.010272369328948086
45	46	0.007995378919283126	0.4147430876930426	0.06671289110490777	0.005441577689485218	0.39444860563799755	0.003583771611709454	0.05844777679580538	0.02817212354398662	0.006752137850496505	0.013702649153285873
46	47	0.005532201674284429	0.09442412093670328	0.04616030979805228	0.0422745518682261	0.0033630860309793566	0.002479700775998954	0.0019320826666342661	0.13502115994891398	0.659331582300593	0.009481203999614447
47	48	0.13913928760721322	0.49913789438697903	0.19472885966291148	0.1378980438830295	0.002362375870493709	0.0017418481791138017	0.0013571777318247104	0.01369271466310184	0.0032817936783651907	0.006660004336967585
48	49	0.10427520906676876	0.04120981528896502	0.2004684759387716	0.008914600012933423	0.463846993746968	0.0058710712736544345	0.00457450154962039	0.1373295212821204	0.011061609629441627	0.022448202210756333
49	50	0.016019561671690205	0.16191193888414213	0.022154723842549382	0.010902758989666226	0.00973846711534467	0.007180453976054917	0.005594719653266204	0.7255141122600925	0.013528600683440879	0.02745466292375273
50	51	0.009597906189439885	0.030196811658511177	0.013273706575224965	0.2069639274196344	0.005834672366048677	0.004302072995015621	0.0033520014772413617	0.6351137651720039	0.07491604193286401	0.016449094214016014
51	52	0.014412413345986584	0.04534415348133004	0.019932070809982192	0.11013306300335336	0.008761464033730727	0.0064600812953340605	0.005033434362956557	0.2514310974277432	0.012171355811009182	0.526320866428574
52	53	0.004638980210786207	0.014595101155166271	0.3616245047559906	0.003157245137700241	0.0028200869135709405	0.002079331793343969	0.0016201313299516913	0.5330131596327237	0.003917642201223186	0.07253381686954322
53	54	0.005136587949126622	0.6240048616521963	0.11437041768298782	0.003495912159539298	0.003122588111511512	0.0023023746915523773	0.0017939173454723473	0.2326322731128319	0.004337874447708075	0.008803192847073855
54	55	0.1968761829615431	0.21618505204131955	0.5134540469979646	0.006123151110476056	0.005469267530188959	0.004032649421937637	0.003142077513606298	0.031700763897234606	0.007597862740661583	0.015418945785067632
55	56	0.01309833454275129	0.04120981528896502	0.018114726890736614	0.008914600012933423	0.007962621126880568	0.0058710712736544345	0.00457450154962039	0.7755676429502428	0.011061609629441627	0.11362507673477383
56	57	0.004793779586142529	0.34877481214008615	0.10673750337332856	0.1701089416670355	0.0029141911504582396	0.16899505914307233	0.0016741939270045086	0.18373746731906992	0.004048371054993428	0.008215680638808877
57	58	0.004638980210786207	0.6604294478314428	0.07099904875166621	0.003157245137700241	0.0028200869135709405	0.002079331793343969	0.0016201313299516913	0.24238770362839931	0.003917642201223186	0.007950382201915573
58	59	0.005753776074357484	0.2183612455276695	0.00795735380229092	0.00391596443803376	0.1236530561313463	0.0025790171502296034	0.0020094659731288564	0.6210500850851798	0.004859092934451407	0.009860942883312419
59	60	0.004638980210786207	0.3375122744933045	0.4907913740912459	0.003157245137700241	0.0028200869135709405	0.06666276646097162	0.0016201313299516913	0.0809291169593302	0.003917642201223186	0.007950382201915573
60	61	0.007573852760379356	0.023828760233779406	0.06319570586319334	0.005154691055970815	0.004604228102805183	0.0033948307876255704	0.002645115001137736	0.34301419567215385	0.006396156881834204	0.5401924636411206
61	62	0.010285056598020807	0.24714006325047777	0.014224021437291916	0.006999910208620958	0.006252398630624737	0.004610074673498629	0.003591983942081922	0.2510212667155928	0.43824847745561074	0.017626747088179684
62	63	0.009597906189439885	0.5646813053758543	0.013273706575224965	0.006532242275630753	0.005834672366048677	0.004302072995015621	0.0033520014772413617	0.3678715183133323	0.00810548021819613	0.016449094214016014
63	64	0.016019561671690205	0.050400543316850614	0.022154723842549382	0.010902758989666226	0.00973846711534467	0.007180453976054917	0.005594719653266204	0.0564457388563435	0.013528600683440879	0.8080344318947934
64	65	0.21460799094896746	0.1440262342784128	0.3003491685972552	0.004079349557392114	0.0036437209658869213	0.0026866210448985442	0.0020933065807394445	0.27145658044308896	0.005061828043932457	0.051995199539426176
65	66	0.010285056598020807	0.6051089759582097	0.014224021437291916	0.006999910208620958	0.006252398630624737	0.004610074673498629	0.21837333156672106	0.10783370163250003	0.00868578220633247	0.017626747088179684
66	67	0.016019561671690205	0.050400543316850614	0.022154723842549382	0.010902758989666226	0.12124986268263618	0.007180453976054917	0.005594719653266204	0.614002716692801	0.013528600683440879	0.13896605849104426
67	68	0.2060125637311859	0.0581542154022068	0.20821614145911932	0.00391596443803376	0.24380832872544334	0.0025790171502296034	0.0020094659731288564	0.020273722114694605	0.004859092934451407	0.2501714880715065
68	69	0.007573852760379356	0.18199243070866114	0.27408059982970234	0.26876080851410705	0.004604228102805183	0.0033948307876255704	0.002645115001137736	0.07940807821401762	0.006396156881834204	0.1711438991997299
69	70	0.02407270418940893	0.0757372389530571	0.03329205407674966	0.016383650026484297	0.014634060714673986	0.010790116986577804	0.008407223243427228	0.25239032729753624	0.02032952018435263	0.5439631043277321
70	71	0.00625480819697866	0.45507297836130467	0.00865027090828982	0.2654934697819642	0.003802366455925519	0.0028035949614542517	0.0021844479308624487	0.022039134235932158	0.04882163504394708	0.18487729412334122
71	72	0.010285056598020807	0.10395249816738504	0.014224021437291916	0.006999910208620958	0.006252398630624737	0.004610074673498629	0.003591983942081922	0.03623991909095364	0.00868578220633247	0.8051583550451898
72	73	0.23904235280627323	0.050400543316850614	0.022154723842549382	0.010902758989666226	0.00973846711534467	0.007180453976054917	0.005594719653266204	0.16795713442363502	0.45957418295260694	0.02745466292375273
73	74	0.09556215083118828	0.03776639356194308	0.01660109127462809	0.09172800200756805	0.007297278115753639	0.005380494593248648	0.004192264019172724	0.7107625363564943	0.010137320436035463	0.020572468803967705
74	75	0.008466590813344324	0.32131513139941603	0.011709120711398232	0.12363333993017551	0.2408890533008337	0.003794983091000766	0.06189242749787454	0.2066390525393192	0.00715007867326617	0.01451022204337159
75	76	0.30314424075232116	0.1445085414360299	0.011709120711398232	0.005762279954584793	0.005146933349652233	0.003794983091000766	0.002956897510079177	0.5013167024782961	0.00715007867326617	0.01451022204337159
76	77	0.00625480819697866	0.2809153065484943	0.00865027090828982	0.004256962062748621	0.003802366455925519	0.0028035949614542517	0.5681968813224962	0.10911797014233734	0.005282217090744473	0.010719622310530816
77	78	0.520057479224374	0.056726156154845546	0.024935293184424084	0.012271129798707474	0.01096071133243469	0.00808165005181982	0.00629689522786663	0.31454374158165427	0.015226532581224002	0.030900410862649462
78	79	0.10223625847917693	0.1646331124748442	0.009475375583912933	0.0046630116927732735	0.004165054558353619	0.0030710154082558005	0.002392811139427691	0.2626034245136274	0.3873254062057363	0.05943452994389191
79	80	0.011078185824925355	0.7288865000842571	0.015320902822291196	0.0075397063020360535	0.0067345505803923945	0.004965579276406483	0.00386897876655233	0.03903455018877595	0.16358501745624252	0.01898602869812048
80	81	0.006539535778456813	0.06609599806737063	0.009044043289038108	0.004450744905387369	0.41366799161556067	0.0029312185092402253	0.0022838870434030794	0.4782563153716846	0.0055226709703401315	0.01120759444951839
81	82	0.010285056598020807	0.3187338457920242	0.014224021437291916	0.006999910208620958	0.006252398630624737	0.076203857215045	0.003591983942081922	0.1794274841740464	0.00868578220633247	0.3755956597959116
82	83	0.02891855567703785	0.09098319591584195	0.0399937668758052	0.01968168975766499	0.01757990694475621	0.012962174767859502	0.010099602917120655	0.7057980098069999	0.024421866222961358	0.04956123111395228
83	84	0.007194547418032172	0.4232825730337728	0.46067798670164123	0.004896539502522733	0.004373644227988534	0.0032248146155595876	0.002512645268387879	0.07543125040325473	0.006075831605844959	0.012330167222995451
84	85	0.01309833454275129	0.04120981528896502	0.1092916014147541	0.008914600012933423	0.007962621126880568	0.0058710712736544345	0.00457450154962039	0.6843907684262253	0.011061609629441627	0.11362507673477383
85	86	0.008466590813344324	0.20344407142382528	0.011709120711398232	0.005762279954584793	0.005146933349652233	0.06273051307879612	0.002956897510079177	0.3245101125149099	0.00715007867326617	0.3681234019701438
86	87	0.008996823366665326	0.4666908648344899	0.01244242141162377	0.006123151110476056	0.005469267530188959	0.254538462215108	0.003142077513606298	0.21958012349211237	0.007597862740661583	0.015418945785067632
87	88	0.00625480819697866	0.10675763473568389	0.00865027090828982	0.22195405182876163	0.3085782921283437	0.0028035949614542517	0.0021844479308624487	0.19619680604874254	0.13590047095035226	0.010719622310530816
88	89	0.005136587949126622	0.1591828314867171	0.007103795337108029	0.003495912159539298	0.003122588111511512	0.0023023746915523773	0.0017939173454723473	0.4114099770226316	0.21887111913946763	0.1875808967568735
89	90	0.020617801254534624	0.3519065055340565	0.028513994477265138	0.15755179580584266	0.15605330671113457	0.009241524582864142	0.00720062260440806	0.21616738883357323	0.01741183721874681	0.03533522297757417
90	91	0.25542537342284616	0.12342729070475719	0.007103795337108029	0.003495912159539298	0.003122588111511512	0.0023023746915523773	0.39510486594703154	0.01809902842107235	0.004337874447708075	0.1875808967568735
91	92	0.042408466380245806	0.01675992867201228	0.00736721405987533	0.003625545499503652	0.04031978459591035	0.002387749983463221	0.03894184484905751	0.5008284506795914	0.07866154198400901	0.2686994732963315
92	93	0.018030126207323215	0.056726156154845546	0.5269626462014748	0.012271129798707474	0.01096071133243469	0.00808165005181982	0.00629689522786663	0.31454374158165427	0.015226532581224002	0.030900410862649462
93	94	0.014412413345986584	0.2459923807725644	0.019932070809982192	0.009808949357736177	0.008761464033730727	0.0064600812953340605	0.005033434362956557	0.15110698378212606	0.012171355811009182	0.526320866428574
94	95	0.004959266686856122	0.01560278243520344	0.006858563683612938	0.5211934695337337	0.00301479257272818	0.002222893917433609	0.001731989137241787	0.3626863882929996	0.004188125746769482	0.0775417279934213
95	96	0.014412413345986584	0.2459923807725644	0.32090441174683376	0.009808949357736177	0.008761464033730727	0.0064600812953340605	0.005033434362956557	0.35175521107336044	0.012171355811009182	0.024700298200488045
96	97	0.007573852760379356	0.2874348776919156	0.06319570586319334	0.005154691055970815	0.004604228102805183	0.0033948307876255704	0.002645115001137736	0.3957354191637811	0.21728105084834318	0.012980228724848131
97	98	0.02407270418940893	0.24330617087854275	0.03329205407674966	0.016383650026484297	0.014634060714673986	0.010790116986577804	0.008407223243427228	0.5875281911485075	0.02032952018435263	0.04125630855127515
98	99	0.004959266686856122	0.4643785908798818	0.14494342782043707	0.003375229020643234	0.00301479257272818	0.002222893917433609	0.001731989137241787	0.1900803081219694	0.17679420591779962	0.008499295925009242
99	100	0.016019561671690205	0.050400543316850614	0.022154723842549382	0.010902758989666226	0.00973846711534467	0.007180453976054917	0.005594719653266204	0.837025507827384	0.013528600683440879	0.02745466292375273
100	101	0.018030126207323215	0.4332466709176336	0.024935293184424084	0.012271129798707474	0.01096071133243469	0.00808165005181982	0.00629689522786663	0.44005057983591694	0.015226532581224002	0.030900410862649462
101	102	0.006851422053720076	0.021555857836658927	0.009475375583912933	0.0046630116927732735	0.004165054558353619	0.0030710154082558005	0.002392811139427691	0.6441427702154549	0.005786060503908888	0.29789662100753406
102	103	0.052060928683148745	0.8399596774471335	0.009044043289038108	0.004450744905387369	0.003975455473333326	0.0029312185092402253	0.0022838870434030794	0.023042386324765272	0.0055226709703401315	0.05672898735421033
103	104	0.012003860096893016	0.5391161379677146	0.01660109127462809	0.00816971127327278	0.007297278115753639	0.005380494593248648	0.004192264019172724	0.3765293734193132	0.010137320436035463	0.020572468803967705
104	105	0.006851422053720076	0.6892497128148569	0.009475375583912933	0.0046630116927732735	0.004165054558353619	0.0030710154082558005	0.002392811139427691	0.2626034245136274	0.005786060503908888	0.011742111731163475
105	106	0.007573852760379356	0.023828760233779406	0.2213593763380751	0.1105971380392253	0.004604228102805183	0.42516461872064354	0.002645115001137736	0.026686854722390366	0.006396156881834204	0.1711438991997299
106	107	0.014412413345986584	0.14566826712694722	0.019932070809982192	0.009808949357736177	0.10908557767934791	0.0064600812953340605	0.10535754800857375	0.4520793247189776	0.11249546945662638	0.024700298200488045
107	108	0.17912044156548354	0.12132468429623834	0.01660109127462809	0.09172800200756805	0.007297278115753639	0.005380494593248648	0.004192264019172724	0.04229621048213213	0.010137320436035463	0.5219222132097393
108	109	0.04979422615018126	0.3244547245016969	0.4005050324871132	0.004256962062748621	0.003802366455925519	0.0028035949614542517	0.0021844479308624487	0.19619680604874254	0.005282217090744473	0.010719622310530816
109	110	0.007995378919283126	0.1364658540050077	0.23367923131772872	0.005441577689485218	0.00486047847474865	0.2818610052997444	0.0027923300581984027	0.3064493572320215	0.006752137850496505	0.013702649153285873
110	111	0.005532201674284429	0.055914732109332545	0.23870725393490602	0.0037651630408553623	0.11889125251309159	0.002479700775998954	0.0019320826666342661	0.21203993760365547	0.351256471681627	0.009481203999614447
111	112	0.008996823366665326	0.02830569244644177	0.01244242141162377	0.006123151110476056	0.005469267530188959	0.004032649421937637	0.003142077513606298	0.3448330298886976	0.007597862740661583	0.579057024569701
112	113	0.012003860096893016	0.8733493009048957	0.01660109127462809	0.00816971127327278	0.007297278115753639	0.005380494593248648	0.004192264019172724	0.04229621048213213	0.010137320436035463	0.020572468803967705
113	114	0.30314424075232116	0.02663748146043919	0.011709120711398232	0.005762279954584793	0.06408246333744759	0.003794983091000766	0.002956897510079177	0.5013167024782961	0.00715007867326617	0.07344575203116696
114	115	0.2595026361598357	0.34143795843790475	0.01244242141162377	0.006123151110476056	0.005469267530188959	0.004032649421937637	0.003142077513606298	0.3448330298886976	0.007597862740661583	0.015418945785067632
115	116	0.008996823366665326	0.02830569244644177	0.32557468740308676	0.006123151110476056	0.005469267530188959	0.004032649421937637	0.003142077513606298	0.595338842681868	0.007597862740661583	0.015418945785067632
116	117	0.012003860096893016	0.12132468429623834	0.01660109127462809	0.00816971127327278	0.007297278115753639	0.005380494593248648	0.004192264019172724	0.04229621048213213	0.09369561117033073	0.6890387946783298
117	118	0.007194547418032172	0.02263539453944421	0.00994991089552153	0.004896539502522733	0.1045354388515707	0.0032248146155595876	0.002512645268387879	0.3258357369622101	0.006075831605844959	0.5131391403409061
118	119	0.2060125637311859	0.01810245787084112	0.00795735380229092	0.04396772196939944	0.0034977835372492646	0.0025790171502296034	0.5627340714122483	0.14042899470879164	0.004859092934451407	0.009860942883312419
119	120	0.008996823366665326	0.02830569244644177	0.01244242141162377	0.006123151110476056	0.06809572072848155	0.004032649421937637	0.06576853071189889	0.1569536702938198	0.007597862740661583	0.6416834777679935
120	121	0.008996823366665326	0.09093214564473437	0.01244242141162377	0.006123151110476056	0.13072217392677415	0.004032649421937637	0.003142077513606298	0.21958012349211237	0.007597862740661583	0.5164305713714084
121	122	0.018030126207323215	0.056726156154845546	0.024935293184424084	0.012271129798707474	0.01096071133243469	0.38460216481460785	0.00629689522786663	0.31454374158165427	0.015226532581224002	0.15640724911691214
122	123	0.016019561671690205	0.16191193888414213	0.13366611940984088	0.010902758989666226	0.00973846711534467	0.007180453976054917	0.005594719653266204	0.614002716692801	0.013528600683440879	0.02745466292375273
123	124	0.020617801254534624	0.06486746682112869	0.028513994477265138	0.014032276449378753	0.012533787354670664	0.009241524582864142	0.00720062260440806	0.21616738883357323	0.01741183721874681	0.6094133004034299
124	125	0.005753776074357484	0.8191376084981548	0.00795735380229092	0.00391596443803376	0.0034977835372492646	0.0025790171502296034	0.0020094659731288564	0.020273722114694605	0.12501436552854844	0.009860942883312419
125	126	0.21506064063722097	0.04534415348133004	0.019932070809982192	0.11013306300335336	0.30973380497058234	0.0064600812953340605	0.005033434362956557	0.2514310974277432	0.012171355811009182	0.024700298200488045
126	127	0.006539535778456813	0.11161739097206255	0.1456082220031139	0.004450744905387369	0.003975455473333326	0.0029312185092402253	0.0022838870434030794	0.3416921366576088	0.36969381420787556	0.01120759444951839
127	128	0.004638980210786207	0.046886818488980096	0.006415614084038557	0.003157245137700241	0.0028200869135709405	0.7447888304710619	0.0016201313299516913	0.17780426896077167	0.003917642201223186	0.007950382201915573
128	129	0.008466590813344324	0.6159927813383929	0.011709120711398232	0.005762279954584793	0.005146933349652233	0.003794983091000766	0.002956897510079177	0.2066390525393192	0.00715007867326617	0.13238128201896232
129	130	0.597821890691298	0.02663748146043919	0.011709120711398232	0.005762279954584793	0.12301799332524298	0.003794983091000766	0.002956897510079177	0.08876799256372848	0.00715007867326617	0.13238128201896232
130	131	0.014412413345986584	0.04534415348133004	0.019932070809982192	0.009808949357736177	0.008761464033730727	0.0064600812953340605	0.005033434362956557	0.15110698378212606	0.012171355811009182	0.7269690937198084
131	132	0.016019561671690205	0.27342333445143363	0.022154723842549382	0.010902758989666226	0.00973846711534467	0.007180453976054917	0.22861751078784925	0.0564457388563435	0.013528600683440879	0.3619888496256273
132	133	0.016019561671690205	0.050400543316850614	0.022154723842549382	0.010902758989666226	0.00973846711534467	0.007180453976054917	0.005594719653266204	0.837025507827384	0.013528600683440879	0.02745466292375273
133	134	0.02407270418940893	0.24330617087854275	0.03329205407674966	0.016383650026484297	0.014634060714673986	0.010790116986577804	0.008407223243427228	0.5875281911485075	0.02032952018435263	0.04125630855127515
134	135	0.005136587949126622	0.016160668358877407	0.4004147439386673	0.21802915685129887	0.003122588111511512	0.21683561938331197	0.0017939173454723473	0.12536565076695214	0.004337874447708075	0.008803192847073855
135	136	0.31953705305456115	0.11196876562498563	0.015320902822291196	0.0075397063020360535	0.08384926738780134	0.004965579276406483	0.00386897876655233	0.2703787006110028	0.08647030064883358	0.09610074550552944
136	137	0.016019561671690205	0.050400543316850614	0.022154723842549382	0.010902758989666226	0.00973846711534467	0.007180453976054917	0.11710611522055772	0.0564457388563435	0.013528600683440879	0.6965230363275019
137	138	0.010285056598020807	0.1755462807089314	0.3721929341450238	0.07859369275016734	0.006252398630624737	0.004610074673498629	0.003591983942081922	0.32261504925713913	0.00868578220633247	0.017626747088179684
138	139	0.2120865628920923	0.3608149427772637	0.006858563683612938	0.003375229020643234	0.00301479257272818	0.002222893917433609	0.001731989137241787	0.32816517225879355	0.004188125746769482	0.0775417279934213
139	140	0.009597906189439885	0.2974390585171827	0.21370539171922862	0.006532242275630753	0.005834672366048677	0.13792319642435139	0.0033520014772413617	0.23425039488399654	0.00810548021819613	0.08325965592868391
140	141	0.009597906189439885	0.030196811658511177	0.4809476385779002	0.006532242275630753	0.005834672366048677	0.004302072995015621	0.0033520014772413617	0.033818709739992917	0.00810548021819613	0.4173124645020233
141	142	0.005753776074357484	0.09820597293357247	0.00795735380229092	0.00391596443803376	0.16370481366271197	0.24288956233842368	0.0020094659731288564	0.020273722114694605	0.4454284257794739	0.009860942883312419
142	143	0.5722672415886124	0.06321821678248131	0.00865027090828982	0.004256962062748621	0.003802366455925519	0.0028035949614542517	0.08926328383726766	0.23973622400194514	0.005282217090744473	0.010719622310530816
143	144	0.27509792346587963	0.44100862038303995	0.0076509209706815415	0.0422745518682261	0.0033630860309793566	0.002479700775998954	0.0019320826666342661	0.17353054877628474	0.04318136106266103	0.009481203999614447
144	145	0.020617801254534624	0.3519065055340565	0.028513994477265138	0.014032276449378753	0.012533787354670664	0.009241524582864142	0.00720062260440806	0.21616738883357323	0.30445087593167464	0.03533522297757417
145	146	0.0036866056024910453	0.19123473773031596	0.005098499616498369	0.644066159538347	0.002241127951119308	0.0016524485750027506	0.001287521171977346	0.038652225662250864	0.08010020800138207	0.03198046615061525
146	147	0.005753776074357484	0.45867179071586356	0.048009111333656596	0.00391596443803376	0.0034977835372492646	0.0025790171502296034	0.0020094659731288564	0.4608430549597171	0.004859092934451407	0.009860942883312419
147	148	0.016019561671690205	0.050400543316850614	0.022154723842549382	0.010902758989666226	0.12124986268263618	0.007180453976054917	0.005594719653266204	0.7255141122600925	0.013528600683440879	0.02745466292375273
148	149	0.005327059855020758	0.01675992867201228	0.26693705973645065	0.22611398465085394	0.1515640041715855	0.002387749983463221	0.00186043832383246	0.27834001152824106	0.004498728933558924	0.046211034144981206
149	150	0.01309833454275129	0.8618016860051223	0.018114726890736614	0.008914600012933423	0.007962621126880568	0.0058710712736544345	0.00457450154962039	0.04615264675810292	0.011061609629441627	0.022448202210756333
150	151	0.008996823366665326	0.02830569244644177	0.01244242141162377	0.38188187030023163	0.005469267530188959	0.004032649421937637	0.003142077513606298	0.1569536702938198	0.007597862740661583	0.3911776649748232
151	152	0.004793779586142529	0.31540554382624564	0.073368235059488	0.003262600097832729	0.0029141911504582396	0.3024721323984345	0.0016741939270045086	0.2838452722605916	0.004048371054993428	0.008215680638808877
152	153	0.020617801254534624	0.06486746682112869	0.028513994477265138	0.014032276449378753	0.012533787354670664	0.009241524582864142	0.00720062260440806	0.6467259469029649	0.16093135657521074	0.03533522297757417
153	154	0.32212908935812834	0.21618505204131955	0.01244242141162377	0.13137605750706124	0.19334862712506676	0.004032649421937637	0.003142077513606298	0.031700763897234606	0.007597862740661583	0.07804539898336024
154	155	0.08740228310968766	0.34619892071580166	0.31135376577919016	0.002718344996488304	0.030230784506989107	0.0017902763105030336	0.001394910975343549	0.014073409486411488	0.14238667720781373	0.06245062691177129
155	156	0.005327059855020758	0.31341118087381264	0.08153002711032543	0.003625545499503652	0.0032383780706853054	0.4473646282861638	0.00186043832383246	0.13001438542734087	0.004498728933558924	0.009129627619756154
156	157	0.009597906189439885	0.16381793508784692	0.013273706575224965	0.006532242275630753	0.13945579579538445	0.004302072995015621	0.0033520014772413617	0.30106095659866444	0.00810548021819613	0.35050190278735543
157	158	0.006851422053720076	0.5938648763894001	0.009475375583912933	0.0046630116927732735	0.004165054558353619	0.0030710154082558005	0.002392811139427691	0.07183375166271366	0.24424815156755103	0.05943452994389191
158	159	0.005993839896577013	0.8115915176460623	0.008289357123908606	0.004079349557392114	0.0036437209658869213	0.0026866210448985442	0.0020933065807394445	0.14628808981165467	0.005061828043932457	0.010272369328948086
159	160	0.008996823366665326	0.09093214564473437	0.6387069533945497	0.006123151110476056	0.005469267530188959	0.004032649421937637	0.003142077513606298	0.1569536702938198	0.007597862740661583	0.07804539898336024
160	161	0.030121885630262656	0.06458060526870786	0.21593823714615035	0.39764787557067005	0.0023001551859505847	0.0543723341458495	0.0013214321383416673	0.19769934423955163	0.003195357200687104	0.032822773473828656
161	162	0.014412413345986584	0.04534415348133004	0.019932070809982192	0.009808949357736177	0.008761464033730727	0.0064600812953340605	0.005033434362956557	0.2514310974277432	0.012171355811009182	0.6266449800741912
162	163	0.005532201674284429	0.5950461756925229	0.20019786510753526	0.0037651630408553623	0.0033630860309793566	0.002479700775998954	0.0019320826666342661	0.13502115994891398	0.004671972235290287	0.047990592826985194
163	164	0.06310874555969782	0.33714319369195844	0.18248742140040605	0.0028783997266592213	0.0025710190521001375	0.001895686842344694	0.0014770426032493097	0.014902044468668094	0.2979690213083903	0.09556742534652593
164	165	0.057275444729823245	0.02263539453944421	0.00994991089552153	0.004896539502522733	0.20469723347515284	0.0032248146155595876	0.5033216183862986	0.07543125040325473	0.006075831605844959	0.11249196184657761
165	166	0.20375602980545554	0.03632875693784781	0.004970934095706432	0.0024462907677916296	0.0021850544636719854	0.0016111039679795388	0.3014978028872954	0.012664930957047377	0.42837899586121736	0.006160100255986996
166	167	0.21966983264088621	0.016160668358877407	0.007103795337108029	0.003495912159539298	0.003122588111511512	0.21683561938331197	0.0017939173454723473	0.4829210585865515	0.004337874447708075	0.04455873362903379
167	168	0.21460799094896746	0.018857743646978554	0.2586263383867771	0.004079349557392114	0.0036437209658869213	0.0026866210448985442	0.0020933065807394445	0.27145658044308896	0.005061828043932457	0.21888652038133852
168	169	0.005136587949126622	0.4452271577423966	0.4004147439386673	0.039251452941499225	0.003122588111511512	0.0023023746915523773	0.0017939173454723473	0.0896101099849922	0.004337874447708075	0.008803192847073855
169	170	0.01309833454275129	0.4970941879090524	0.018114726890736614	0.008914600012933423	0.007962621126880568	0.0058710712736544345	0.00457450154962039	0.4108601448541728	0.011061609629441627	0.022448202210756333
170	171	0.007194547418032172	0.07271629185123528	0.21027350014268584	0.004896539502522733	0.004373644227988534	0.0032248146155595876	0.002512645268387879	0.4259975315857923	0.006075831605844959	0.2627346537819508
171	172	0.01309833454275129	0.7706248114811048	0.018114726890736614	0.008914600012933423	0.007962621126880568	0.0058710712736544345	0.00457450154962039	0.1373295212821204	0.011061609629441627	0.022448202210756333
172	173	0.012003860096893016	0.03776639356194308	0.01660109127462809	0.00816971127327278	0.6757636039901157	0.005380494593248648	0.004192264019172724	0.20941279195072265	0.010137320436035463	0.020572468803967705
173	174	0.011078185824925355	0.034854048817576685	0.24666505324451804	0.0075397063020360535	0.0067345505803923945	0.004965579276406483	0.00386897876655233	0.6559522846480476	0.009355583841424629	0.01898602869812048
174	175	0.32212908935812834	0.09093214564473437	0.01244242141162377	0.006123151110476056	0.005469267530188959	0.004032649421937637	0.003142077513606298	0.4700859362852828	0.007597862740661583	0.07804539898336024
175	176	0.3984475365506858	0.4452271577423966	0.007103795337108029	0.039251452941499225	0.003122588111511512	0.0023023746915523773	0.0017939173454723473	0.01809902842107235	0.07584895601162793	0.008803192847073855
176	177	0.004959266686856122	0.050123998469409466	0.28302829195726115	0.003375229020643234	0.00301479257272818	0.03674410995163963	0.001731989137241787	0.5352924684640297	0.07323055781518154	0.008499295925009242
177	178	0.005753776074357484	0.17830948799630383	0.28831965652185065	0.00391596443803376	0.0034977835372492646	0.0025790171502296034	0.0020094659731288564	0.06032547964606028	0.004859092934451407	0.4504302757283349
178	179	0.014412413345986584	0.04534415348133004	0.019932070809982192	0.009808949357736177	0.008761464033730727	0.0064600812953340605	0.005033434362956557	0.2514310974277432	0.6141160376847123	0.024700298200488045
179	180	0.012003860096893016	0.2048829750305336	0.5179508356803997	0.00816971127327278	0.007297278115753639	0.005380494593248648	0.004192264019172724	0.20941279195072265	0.010137320436035463	0.020572468803967705
180	181	0.27684015304811144	0.09700737337317906	0.013273706575224965	0.006532242275630753	0.005834672366048677	0.0711126347096835	0.0033520014772413617	0.033818709739992917	0.00810548021819613	0.4841230262166912
181	182	0.007573852760379356	0.023828760233779406	0.48496549379621134	0.1105971380392253	0.004604228102805183	0.0033948307876255704	0.002645115001137736	0.13212930170564485	0.006396156881834204	0.22386512269135714
182	183	0.23904235280627323	0.050400543316850614	0.24517751497713244	0.010902758989666226	0.00973846711534467	0.007180453976054917	0.005594719653266204	0.0564457388563435	0.34806278738531543	0.02745466292375273
183	184	0.018030126207323215	0.18223299440910823	0.024935293184424084	0.012271129798707474	0.01096071133243469	0.00808165005181982	0.00629689522786663	0.5655574180901797	0.015226532581224002	0.15640724911691214
184	185	0.006539535778456813	0.5213099271142899	0.05456543619373004	0.27757910233353894	0.003975455473333326	0.0029312185092402253	0.0022838870434030794	0.11408517213414912	0.0055226709703401315	0.01120759444951839
185	186	0.10223625847917693	0.3554027853257579	0.009475375583912933	0.0046630116927732735	0.1472423091965389	0.0030710154082558005	0.002392811139427691	0.3102958427263558	0.05347847871663732	0.011742111731163475
186	187	0.004357554382042905	0.28670421426835674	0.06669185940680426	0.1849620637785515	0.00264900506783801	0.032285913915135016	0.0015218453314159548	0.045686789820002606	0.003679976668476256	0.3714607773613768
187	188	0.27174792609686693	0.24866700719856452	0.006629698431806895	0.003262600097832729	0.1030219960919799	0.002148717573869563	0.0016741939270045086	0.31721454057443216	0.004048371054993428	0.041584948952649435
