0	1	0.03439074311994972	0.001843018672969413	0.003108065216846815	0.12422286207527482	0.06961888395428066	0.0016331631428134926	0.0967755213628337	9.496312984561139E-4	0.0031727516380353417	0.66428535951854
1	2	0.005821743080472266	0.0026455456797465776	0.0044614461195620035	0.004138022848051188	0.056389682058329234	0.0023443103209748566	0.008283128455189146	0.0013631402740673152	0.26581926197518385	0.6487337191884236
2	3	0.008933894591807467	0.004059785173266399	0.00684641847093707	0.006350101581600764	0.019712401435695165	0.003597517274221025	0.012711072179959176	0.0020918393948392913	0.006988909145342301	0.9287080607523314
3	4	0.019195084459938682	0.008722726520807236	0.014709999032027249	0.013643628199933403	0.04235344469066909	0.007729512276547929	0.027310609226846753	0.004494460220897192	0.015016150005922798	0.8468243853664097
4	5	0.01117386566456564	0.08865344338538475	0.00856300233806255	0.007942245266047783	0.7768366721281027	0.004499512987870093	0.01589808470783917	0.0026163205922772824	0.008741219311398844	0.07507563361845127
5	6	0.019195084459938682	0.008722726520807236	0.014709999032027249	0.013643628199933403	0.47306663041348224	0.007729512276547929	0.027310609226846753	0.004494460220897192	0.015016150005922798	0.4161111996435965
6	7	0.5502191940139745	0.004686044344602772	0.007902541436867645	0.0073296631063292875	0.022753220508945744	0.004152467374009003	0.0146718718751345	0.0024145248449481734	0.008067012607251777	0.37780345988793673
7	8	0.005821743080472266	0.04618970605898781	0.0044614461195620035	0.004138022848051188	0.2741104839545354	0.0023443103209748566	0.3130922511098778	0.0013631402740673152	0.004554299699736454	0.34392459653373497
8	9	0.11376574144405588	0.006096768106879795	0.010281584861885216	0.009536242718725264	0.3306509195094078	0.005402558915148942	0.11943810460383764	0.10349070911350909	0.010495569731075387	0.290841800995475
9	10	0.013416444785361435	0.006096768106879795	0.010281584861885216	0.8123306159882809	0.02960302953332441	0.005402558915148942	0.019088807945143185	0.003141412454814651	0.010495569731075387	0.0901432076780861
10	11	0.016785213529204854	0.007627620889826254	0.012863213771332519	0.011930721801559324	0.6647673936069857	0.0067591009723997715	0.023881864570173366	0.003930197580725704	0.013130928637590899	0.23832374464020162
11	12	0.006377115347356708	0.19369035495703404	0.004887051202224455	0.3384195344717521	0.10946715296774316	0.0025679486573362722	0.009073307575680367	0.001493178699608559	0.004988762662693004	0.3290355934585714
12	13	0.007049622683434743	0.0032035248852808093	0.005402421805744619	0.9013897967993167	0.01555480545220239	0.002838755161008219	0.010030145514901063	0.001650643881727061	0.005514859386034203	0.04736542443035033
13	14	0.007880691700239867	0.0035811834347202103	0.35970462320766367	0.005601498015847606	0.017388537192786612	0.0031734115768974323	0.011212583717029033	0.06078945543402376	0.0061649975527959	0.5245030181679959
14	15	0.0055788181291307765	0.002535154505378232	0.004275282531350317	0.2960556507646627	0.012309514217797671	0.002246488850191922	0.007937496820622253	0.0013062602674830046	0.004364261592994154	0.663391072320389
15	16	0.016785213529204854	0.007627620889826254	0.012863213771332519	0.011930721801559324	0.037036128406413855	0.0067591009723997715	0.023881864570173366	0.003930197580725704	0.013130928637590899	0.8660550098407734
16	17	0.01031202993273988	0.004686044344602772	0.007902541436867645	0.23871844771257267	0.022753220508945744	0.004152467374009003	0.0146718718751345	0.0024145248449481734	0.008067012607251777	0.6863218393629279
17	18	0.02692694448810834	0.012236277120891457	0.02063524795539193	0.42194350664250885	0.059413588746952385	0.010842992039193292	0.03831143645773107	0.006304847531392235	0.021064717817651245	0.3823204412001792
18	19	0.20939908184222594	0.004059785173266399	0.407776792971774	0.006350101581600764	0.019712401435695165	0.003597517274221025	0.012711072179959176	0.0020918393948392913	0.006988909145342301	0.3273124990010759
19	20	0.0038237298240226853	0.0017375984780903023	0.06013002792378559	0.0027178597814895445	0.008436958428174792	0.0015397466303766507	0.09123998638902892	8.953126320124083E-4	0.002991271058977609	0.8264875088540415
20	21	0.006086787114793116	0.002765988318703302	0.004664560489620721	0.004326412863652903	0.013430334310239916	0.002451038745191196	0.008660230940169138	0.001425199384644679	0.004761641375457821	0.9514278064575273
21	22	0.5502191940139745	0.004686044344602772	0.007902541436867645	0.0073296631063292875	0.022753220508945744	0.004152467374009003	0.0146718718751345	0.0024145248449481734	0.008067012607251777	0.37780345988793673
22	23	0.11250597707677143	0.0032035248852808093	0.005402421805744619	0.21592349324262816	0.01555480545220239	0.16102328675101327	0.010030145514901063	0.001650643881727061	0.005514859386034203	0.4691908420036971
23	24	0.008374308798043276	0.0038054953912067756	0.006417584385742649	0.005952354932867987	0.8327491419621526	0.0033721822270265543	0.011914898087874068	0.0019608143870826766	0.006551149976431965	0.11890206985157156
24	25	0.4816032174534498	0.0032035248852808093	0.005402421805744619	0.0050107844559548085	0.12101115984553908	0.002838755161008219	0.010030145514901063	0.001650643881727061	0.005514859386034203	0.36373448761036037
25	26	0.005149102982265297	0.0023398811938291735	0.3890769611264947	0.15771231354116333	0.35797924776137485	0.0020734503564021466	0.007326101623096894	0.0012056440061722139	0.004028099117720013	0.07310919829148148
26	27	0.0074420272130255845	0.0033818433190595503	0.061366333931883225	0.005289700733550823	0.23907341988561814	0.0029967693461073093	0.01058845547122695	0.0017425239957441026	0.3398010104570295	0.32831791564675494
27	28	0.02692694448810834	0.012236277120891457	0.6248415001581258	0.019139338507352933	0.059413588746952385	0.010842992039193292	0.03831143645773107	0.006304847531392235	0.021064717817651245	0.1809183571326013
28	29	0.014912948698347831	0.006776816918206565	0.011428418633697921	0.3452274661057877	0.03290502572095888	0.006005173891471235	0.24430303944213125	0.0034918134817740207	0.011666271912081888	0.3232830251955427
29	30	0.004615797040749679	0.07114592819286776	0.0035372790436619373	0.0032808513451335264	0.1482814228492056	0.34710067052332755	0.006567318289921856	0.03560496961105723	0.003610898451916118	0.3762548646521588
30	31	0.019195084459938682	0.008722726520807236	0.014709999032027249	0.013643628199933403	0.04235344469066909	0.007729512276547929	0.027310609226846753	0.004494460220897192	0.015016150005922798	0.8468243853664097
31	32	0.009573620464858214	0.21917031160917336	0.007336667263172357	0.006804810805725223	0.5223701839319924	0.003855123277450191	0.01362126892161228	0.0022416289148961617	0.007489361211205763	0.20753702359991402
32	33	0.04541112485255104	0.0424893775206419	0.0041040327950990834	0.00380651946031764	0.01181644714030727	0.0021565040081924403	0.12778686601654293	0.0012539370058876412	0.3246356123920418	0.4365395788084183
33	34	0.12645545768099725	0.006776816918206565	0.011428418633697921	0.010599939157839402	0.03290502572095888	0.006005173891471235	0.021218021476832386	0.0034918134817740207	0.011666271912081888	0.7694530611261404
34	35	0.005821743080472266	0.0026455456797465776	0.0044614461195620035	0.1783146643650161	0.14347800281681172	0.17652095183793978	0.051827288834430385	0.0013631402740673152	0.004554299699736454	0.4310129172922174
35	36	0.00495814928914863	0.0022531070591974077	0.003799637943570472	0.04060903746619413	0.45595818150351747	0.0019965567684485275	0.19247864619365274	0.001160932883408599	0.0038787176807167406	0.29290703321214534
36	37	0.01117386566456564	0.005077684058940339	0.00856300233806255	0.007942245266047783	0.27538211616943614	0.004499512987870093	0.01589808470783917	0.0026163205922772824	0.008741219311398844	0.6601059489035621
37	38	0.397084399646718	0.0033818433190595503	0.061366333931883225	0.005289700733550823	0.016420635637793914	0.0029967693461073093	0.01058845547122695	0.0017425239957441026	0.005821834085293143	0.4953075038326231
38	39	0.00495814928914863	0.0022531070591974077	0.003799637943570472	0.0035241910814246087	0.3447036423492089	0.0019965567684485275	0.4149877245022699	0.001160932883408599	0.07804841045025579	0.1445676476730673
39	40	0.019195084459938682	0.15229378842841163	0.014709999032027249	0.013643628199933403	0.47306663041348224	0.007729512276547929	0.17088167113445116	0.004494460220897192	0.015016150005922798	0.12896907582838774
40	41	0.007049622683434743	0.0032035248852808093	0.32177148498575464	0.21592349324262816	0.01555480545220239	0.002838755161008219	0.010030145514901063	0.001650643881727061	0.005514859386034203	0.41646266480702876
41	42	0.005355354270028698	0.0024336069381195534	0.04415980337762143	0.00380651946031764	0.01181644714030727	0.0021565040081924403	0.32806571892915465	0.0012539370058876412	0.08430098889690776	0.516651119973463
42	43	0.2379979666636467	0.006776816918206565	0.12297092761634736	0.010599939157839402	0.03290502572095888	0.006005173891471235	0.021218021476832386	0.0034918134817740207	0.011666271912081888	0.5463680431608415
43	44	0.11250597707677143	0.0032035248852808093	0.005402421805744619	0.0050107844559548085	0.01555480545220239	0.002838755161008219	0.6954964490715896	0.001650643881727061	0.005514859386034203	0.152821778823687
44	45	0.0055788181291307765	0.002535154505378232	0.004275282531350317	0.0039653548025675904	0.012309514217797671	0.002246488850191922	0.007937496820622253	0.752395592741442	0.004364261592994154	0.20439203580852522
45	46	0.0074420272130255845	0.0033818433190595503	0.005703137869927168	0.005289700733550823	0.016420635637793914	0.11432316147001942	0.01058845547122695	0.28005850430552437	0.005821834085293143	0.5509706998945791
46	47	0.005149102982265297	0.19490537486965198	0.003945973774849079	0.0036599186005051012	0.011361359144893763	0.38720443770804774	0.007326101623096894	0.0012056440061722139	0.004028099117720013	0.38121398817279795
47	48	0.0036168470986443716	0.0016435857927530446	0.246244033756309	0.002570810103644071	0.007980477182413539	0.001456438710114315	0.08630345114298361	8.468717834428574E-4	0.13809181291506806	0.5112456715146272
48	49	0.012192896224954772	0.005540757035418805	0.19173927662782503	0.282259582150799	0.026903302090723884	0.09610753230357671	0.017347953057368234	0.09405259714144187	0.1007360723784346	0.17312003098945714
49	50	0.014912948698347831	0.006776816918206565	0.011428418633697921	0.010599939157839402	0.03290502572095888	0.006005173891471235	0.021218021476832386	0.0034918134817740207	0.011666271912081888	0.8809955701087898
50	51	0.01031202993273988	0.004686044344602772	0.47068011064935433	0.0073296631063292875	0.022753220508945744	0.004152467374009003	0.0146718718751345	0.0024145248449481734	0.08519660747599957	0.37780345988793673
51	52	0.013416444785361435	0.006096768106879795	0.010281584861885216	0.009536242718725264	0.8323974028028801	0.005402558915148942	0.019088807945143185	0.003141412454814651	0.010495569731075387	0.0901432076780861
52	53	0.004317668932709357	0.163433686370464	0.0033088109590413157	0.003068945579855913	0.009526821969227748	0.00173864694844657	0.1676147736614427	0.0010109667037707752	0.03567200131018433	0.6103076775648574
53	54	0.24628517799681993	0.0020975336339905536	0.0035372790436619373	0.0032808513451335264	0.010184633731451165	0.0709070922878187	0.006567318289921856	0.0010807723316186271	0.2798044766874249	0.3762548646521588
54	55	0.008374308798043276	0.0038054953912067756	0.006417584385742649	0.19386115148751074	0.018477690225367334	0.0033721822270265543	0.3877324911971595	0.0019608143870826766	0.006551149976431965	0.3694471319244285
55	56	0.012192896224954772	0.005540757035418805	0.009343928235430454	0.0086665595622071	0.11810097628692116	0.004909858107379428	0.017347953057368234	0.002854922945244588	0.009538398182237305	0.8115037503628382
56	57	0.4241439059085357	0.0019620567643769404	0.0033088109590413157	0.003068945579855913	0.009526821969227748	0.00173864694844657	0.32908640326752975	0.0010109667037707752	0.003377675388966921	0.22277576651024847
57	58	0.004317668932709357	0.0019620567643769404	0.0033088109590413157	0.003068945579855913	0.04182114789044516	0.00173864694844657	0.10302612181900787	0.0010109667037707752	0.2617322827587062	0.57801335164364
58	59	0.3658572895127298	0.0024336069381195534	0.0041040327950990834	0.00380651946031764	0.051872217722829614	0.0021565040081924403	0.007619554268975908	0.0012539370058876412	0.0041894477318630665	0.5567068905559853
59	60	0.004317668932709357	0.0019620567643769404	0.0033088109590413157	0.003068945579855913	0.009526821969227748	0.00173864694844657	0.49055803287361677	0.0010109667037707752	0.06796632723140174	0.4165417220375529
60	61	0.007049622683434743	0.0032035248852808093	0.005402421805744619	0.0050107844559548085	0.8064774634022276	0.002838755161008219	0.0627583227115694	0.001650643881727061	0.005514859386034203	0.10009360162701866
61	62	0.009573620464858214	0.29077691794157695	0.007336667263172357	0.006804810805725223	0.021123939605167296	0.003855123277450191	0.01362126892161228	0.0022416289148961617	0.07909596754360936	0.5655700552619319
62	63	0.008374308798043276	0.0038054953912067756	0.006417584385742649	0.005952354932867987	0.08111395574358157	0.0033721822270265543	0.011914898087874068	0.0019608143870826766	0.006551149976431965	0.8705372560701424
63	64	0.014912948698347831	0.006776816918206565	0.011428418633697921	0.010599939157839402	0.8137025885995048	0.006005173891471235	0.021218021476832386	0.0034918134817740207	0.011666271912081888	0.10019800723024386
64	65	0.0055788181291307765	0.08598952478026255	0.046002467668792485	0.0039653548025675904	0.13749106963012417	0.002246488850191922	0.007937496820622253	0.0013062602674830046	0.004364261592994154	0.7051182574578312
65	66	0.009573620464858214	0.004350492611962615	0.007336667263172357	0.006804810805725223	0.021123939605167296	0.003855123277450191	0.01362126892161228	0.3602746605769141	0.007489361211205763	0.5655700552619319
66	67	0.014912948698347831	0.006776816918206565	0.12297092761634736	0.010599939157839402	0.03290502572095888	0.006005173891471235	0.021218021476832386	0.22657683144707289	0.12320878089473132	0.43482553417819214
67	68	0.005355354270028698	0.0024336069381195534	0.0041040327950990834	0.4844757664505858	0.09192798830535195	0.0021565040081924403	0.20789840718158764	0.0012539370058876412	0.0041894477318630665	0.19620495531328422
68	69	0.16523415427343977	0.0032035248852808093	0.005402421805744619	0.0050107844559548085	0.06828298264887073	0.002838755161008219	0.2736710314982428	0.001650643881727061	0.005514859386034203	0.4691908420036971
69	70	0.022412933059797923	0.010184997415239356	0.017175971499506084	0.015930835114379874	0.3847319419633276	0.009025281529795799	0.1995281377519446	0.00524790793607246	0.017533445377697857	0.3182285483522384
70	71	0.0493659034597135	0.0026455456797465776	0.04800560649880324	0.09122634360653367	0.012845521679088003	0.0023443103209748566	0.008283128455189146	0.0013631402740673152	0.26581926197518385	0.5181012380506999
71	72	0.009573620464858214	0.004350492611962615	0.07894327359557594	0.006804810805725223	0.8087966092616068	0.003855123277450191	0.01362126892161228	0.0022416289148961617	0.007489361211205763	0.06432381093510686
72	73	0.11376574144405588	0.2067953614242687	0.010281584861885216	0.21023483603611418	0.02960302953332441	0.005402558915148942	0.019088807945143185	0.003141412454814651	0.010495569731075387	0.39119109765416943
73	74	0.01117386566456564	0.005077684058940339	0.00856300233806255	0.007942245266047783	0.19180635684299174	0.004499512987870093	0.01589808470783917	0.0026163205922772824	0.008741219311398844	0.7436817082300066
74	75	0.008374308798043276	0.0038054953912067756	0.13169011542217113	0.2564974170057249	0.08111395574358157	0.0033721822270265543	0.011914898087874068	0.0019608143870826766	0.006551149976431965	0.494719662960857
75	76	0.007880691700239867	0.0035811834347202103	0.06498352460263675	0.005601498015847606	0.076332756913792	0.0031734115768974323	0.011212583717029033	0.0018452357130183672	0.0061649975527959	0.819224116773023
76	77	0.005821743080472266	0.0026455456797465776	0.0044614461195620035	0.047682183227292424	0.2305663235752942	0.0023443103209748566	0.008283128455189146	0.4368047440664797	0.004554299699736454	0.2568362757752525
77	78	0.016785213529204854	0.007627620889826254	0.3895019728916756	0.011930721801559324	0.037036128406413855	0.0067591009723997715	0.023881864570173366	0.003930197580725704	0.013130928637590899	0.4894162507204303
78	79	0.006377115347356708	0.002897920729795679	0.004887051202224455	0.0045327745740849955	0.15716526152455274	0.0025679486573362722	0.009073307575680367	0.001493178699608559	0.43427173967397925	0.37673370201538103
79	80	0.01031202993273988	0.004686044344602772	0.007902541436867645	0.0073296631063292875	0.09988281537769353	0.004152467374009003	0.0146718718751345	0.0024145248449481734	0.08519660747599957	0.7634514342316756
80	81	0.005821743080472266	0.0026455456797465776	0.0044614461195620035	0.4831237870197048	0.09993384243757047	0.0023443103209748566	0.008283128455189146	0.0013631402740673152	0.09164262045821893	0.3003804361544937
81	82	0.009573620464858214	0.004350492611962615	0.007336667263172357	0.006804810805725223	0.30755036493478166	0.003855123277450191	0.01362126892161228	0.0022416289148961617	0.007489361211205763	0.6371766615943355
82	83	0.22832902855568626	0.012236277120891457	0.02063524795539193	0.019139338507352933	0.059413588746952385	0.010842992039193292	0.03831143645773107	0.006304847531392235	0.021064717817651245	0.5837225252677571
83	84	0.006377115347356708	0.002897920729795679	0.004887051202224455	0.0045327745740849955	0.014070935854123985	0.0025679486573362722	0.5814506102573954	0.001493178699608559	0.004988762662693004	0.37673370201538103
84	85	0.013416444785361435	0.006096768106879795	0.010281584861885216	0.009536242718725264	0.02960302953332441	0.005402558915148942	0.11943810460383764	0.003141412454814651	0.010495569731075387	0.7925882842889472
85	86	0.007880691700239867	0.0035811834347202103	0.006039304881631342	0.005601498015847606	0.4889422949608298	0.0031734115768974323	0.011212583717029033	0.0018452357130183672	0.0061649975527959	0.46555879844699055
86	87	0.196283105352686	0.0038054953912067756	0.006417584385742649	0.005952354932867987	0.018477690225367334	0.0033721822270265543	0.011914898087874068	0.0019608143870826766	0.006551149976431965	0.745264725033714
87	88	0.13645422421819597	0.0026455456797465776	0.0044614461195620035	0.22185882474425736	0.056389682058329234	0.0023443103209748566	0.008283128455189146	0.0013631402740673152	0.1787309412167014	0.3874687569129762
88	89	0.07629833020367015	0.28824245111614205	0.0036637676818978087	0.0033981704522149546	0.04630756243181569	0.0019251624159859564	0.006802157310847326	0.0011194193873872115	0.039498758667898176	0.5327442203321407
89	90	0.019195084459938682	0.008722726520807236	0.30185212284723606	0.013643628199933403	0.04235344469066909	0.007729512276547929	0.027310609226846753	0.004494460220897192	0.015016150005922798	0.5596822615512009
90	91	0.0047808521225939345	0.002172538791837173	0.6115623313710455	0.0033981704522149546	0.1178250405128919	0.0019251624159859564	0.006802157310847326	0.0011194193873872115	0.0037400196273600695	0.24667430800783594
91	92	0.00495814928914863	0.0022531070591974077	0.003799637943570472	0.15186357662050268	0.30761879596443936	0.0019965567684485275	0.04413926065457466	0.22367001119202573	0.0038787176807167406	0.25582218682737584
92	93	0.016785213529204854	0.007627620889826254	0.012863213771332519	0.011930721801559324	0.037036128406413855	0.0067591009723997715	0.2749743706504021	0.003930197580725704	0.013130928637590899	0.6149625037605447
93	94	0.013416444785361435	0.006096768106879795	0.010281584861885216	0.009536242718725264	0.5313495128267967	0.005402558915148942	0.019088807945143185	0.003141412454814651	0.010495569731075387	0.39119109765416943
94	95	0.6260513480706446	0.0020975336339905536	0.0035372790436619373	0.0032808513451335264	0.1482814228492056	0.0018586977289414964	0.006567318289921856	0.0010807723316186271	0.003610898451916118	0.2036338782549658
95	96	0.013416444785361435	0.006096768106879795	0.010281584861885216	0.009536242718725264	0.23030162285071332	0.005402558915148942	0.32013669792122657	0.003141412454814651	0.010495569731075387	0.39119109765416943
96	97	0.007049622683434743	0.0032035248852808093	0.005402421805744619	0.0050107844559548085	0.01555480545220239	0.31920781834101825	0.010030145514901063	0.001650643881727061	0.005514859386034203	0.6273753735937021
97	98	0.022412933059797923	0.010184997415239356	0.017175971499506084	0.015930835114379874	0.049453542269376	0.009025281529795799	0.03188893790496878	0.00524790793607246	0.017533445377697857	0.8211461478931659
98	99	0.004615797040749679	0.0020975336339905536	0.0035372790436619373	0.03780504862457213	0.010184633731451165	0.1399554868466959	0.14466410740767627	0.0010807723316186271	0.003610898451916118	0.6524484428876677
99	100	0.014912948698347831	0.006776816918206565	0.011428418633697921	0.010599939157839402	0.03290502572095888	0.006005173891471235	0.021218021476832386	0.0034918134817740207	0.011666271912081888	0.8809955701087898
100	101	0.016785213529204854	0.007627620889826254	0.012863213771332519	0.011930721801559324	0.037036128406413855	0.0067591009723997715	0.023881864570173366	0.003930197580725704	0.013130928637590899	0.8660550098407734
101	102	0.006377115347356708	0.002897920729795679	0.004887051202224455	0.0045327745740849955	0.4433539128654103	0.14566227432776505	0.009073307575680367	0.001493178699608559	0.004988762662693004	0.37673370201538103
102	103	0.14266651795685725	0.002765988318703302	0.004664560489620721	0.004326412863652903	0.15001006515230406	0.002451038745191196	0.008660230940169138	0.001425199384644679	0.004761641375457821	0.678268344773399
103	104	0.01117386566456564	0.005077684058940339	0.00856300233806255	0.007942245266047783	0.024654838190102914	0.08807527231431451	0.01589808470783917	0.0026163205922772824	0.09231697863784326	0.7436817082300066
104	105	0.006377115347356708	0.002897920729795679	0.004887051202224455	0.0045327745740849955	0.014070935854123985	0.0025679486573362722	0.009073307575680367	0.001493178699608559	0.004988762662693004	0.9491110046970961
105	106	0.007049622683434743	0.0032035248852808093	0.005402421805744619	0.0050107844559548085	0.2791956914355441	0.002838755161008219	0.4845837402849162	0.10710699827506374	0.005514859386034203	0.10009360162701866
106	107	0.013416444785361435	0.006096768106879795	0.11063088152057968	0.10988553937741971	0.02960302953332441	0.005402558915148942	0.019088807945143185	0.003141412454814651	0.31154345970715874	0.39119109765416943
107	108	0.09474962499101004	0.005077684058940339	0.00856300233806255	0.007942245266047783	0.6096851534752138	0.004499512987870093	0.01589808470783917	0.0026163205922772824	0.008741219311398844	0.2422271522713401
108	109	0.005821743080472266	0.0026455456797465776	0.04800560649880324	0.004138022848051188	0.012845521679088003	0.0023443103209748566	0.22600393035139532	0.0013631402740673152	0.004554299699736454	0.6922778795676648
109	110	0.0074420272130255845	0.0033818433190595503	0.005703137869927168	0.005289700733550823	0.016420635637793914	0.0029967693461073093	0.2889044357810072	0.0017425239957441026	0.005821834085293143	0.6622970920184913
110	111	0.005149102982265297	0.15639227613448742	0.003945973774849079	0.0036599186005051012	0.011361359144893763	0.0020734503564021466	0.2769177927692488	0.1167449402116659	0.15808049405837826	0.2656746919673043
111	112	0.008933894591807467	0.004059785173266399	0.00684641847093707	0.006350101581600764	0.7547514213538963	0.003597517274221025	0.012711072179959176	0.0020918393948392913	0.006988909145342301	0.19366904083413025
112	113	0.01117386566456564	0.005077684058940339	0.00856300233806255	0.007942245266047783	0.024654838190102914	0.004499512987870093	0.01589808470783917	0.0026163205922772824	0.008741219311398844	0.9108332268828954
113	114	0.007880691700239867	0.0035811834347202103	0.3007604034866583	0.064545717736853	0.2531654160768082	0.0031734115768974323	0.011212583717029033	0.0018452357130183672	0.0061649975527959	0.3476703590049798
114	115	0.008933894591807467	0.13770324334021203	0.00684641847093707	0.006350101581600764	0.019712401435695165	0.003597517274221025	0.012711072179959176	0.0020918393948392913	0.006988909145342301	0.7950646025853857
115	116	0.12576913114225066	0.0035811834347202103	0.006039304881631342	0.005601498015847606	0.017388537192786612	0.0031734115768974323	0.18804524288004523	0.0018452357130183672	0.0061649975527959	0.6423914576100067
116	117	0.01117386566456564	0.08865344338538475	0.00856300233806255	0.007942245266047783	0.6932609128016582	0.004499512987870093	0.01589808470783917	0.08619207991872169	0.008741219311398844	0.07507563361845127
117	118	0.0066965270201158	0.0030430693836005626	0.005131829775973927	0.004759808433453478	0.5657346003614113	0.0026965699432189598	0.009527763892109875	0.001567967797843689	0.005238635675849236	0.39560322771642326
118	119	0.005355354270028698	0.0024336069381195534	0.6049405915329342	0.00380651946031764	0.17203952947039663	0.0021565040081924403	0.007619554268975908	0.0012539370058876412	0.0041894477318630665	0.19620495531328422
119	120	0.008374308798043276	0.0038054953912067756	0.006417584385742649	0.06858862045108223	0.5822040798892956	0.0033721822270265543	0.011914898087874068	0.0019608143870826766	0.006551149976431965	0.3068108664062143
120	121	0.008374308798043276	0.0038054953912067756	0.006417584385742649	0.005952354932867987	0.8327491419621526	0.0033721822270265543	0.011914898087874068	0.0019608143870826766	0.006551149976431965	0.11890206985157156
121	122	0.2678777196094336	0.007627620889826254	0.012863213771332519	0.011930721801559324	0.41367488752675696	0.0067591009723997715	0.023881864570173366	0.003930197580725704	0.013130928637590899	0.23832374464020162
122	123	0.014912948698347831	0.006776816918206565	0.011428418633697921	0.010599939157839402	0.2559900436862577	0.006005173891471235	0.021218021476832386	0.0034918134817740207	0.011666271912081888	0.657910552143491
123	124	0.30633720827514743	0.008722726520807236	0.014709999032027249	0.013643628199933403	0.47306663041348224	0.007729512276547929	0.027310609226846753	0.004494460220897192	0.015016150005922798	0.12896907582838774
124	125	0.005355354270028698	0.0024336069381195534	0.0041040327950990834	0.00380651946031764	0.01181644714030727	0.0021565040081924403	0.007619554268975908	0.0012539370058876412	0.4448029241396088	0.516651119973463
125	126	0.013416444785361435	0.006096768106879795	0.411678771496663	0.009536242718725264	0.02960302953332441	0.005402558915148942	0.019088807945143185	0.20384000577220354	0.11084486638976984	0.19049250433678055
126	127	0.23371967185156672	0.002765988318703302	0.004664560489620721	0.004326412863652903	0.013430334310239916	0.002451038745191196	0.19076653872958801	0.001425199384644679	0.004761641375457821	0.5416886139313348
127	128	0.004317668932709357	0.0019620567643769404	0.0033088109590413157	0.003068945579855913	0.009526821969227748	0.00173864694844657	0.00614314405535564	0.0010109667037707752	0.003377675388966921	0.9655452626982489
128	129	0.007880691700239867	0.0035811834347202103	0.006039304881631342	0.005601498015847606	0.076332756913792	0.0031734115768974323	0.011212583717029033	0.0018452357130183672	0.0061649975527959	0.8781683364940284
129	130	0.007880691700239867	0.0035811834347202103	0.6544257218126908	0.064545717736853	0.076332756913792	0.0031734115768974323	0.011212583717029033	0.0018452357130183672	0.0061649975527959	0.1708376998419636
130	131	0.013416444785361435	0.006096768106879795	0.010281584861885216	0.009536242718725264	0.7320481061441856	0.005402558915148942	0.019088807945143185	0.003141412454814651	0.010495569731075387	0.19049250433678055
131	132	0.014912948698347831	0.006776816918206565	0.011428418633697921	0.010599939157839402	0.5906175706342061	0.006005173891471235	0.021218021476832386	0.0034918134817740207	0.011666271912081888	0.3232830251955427
132	133	0.014912948698347831	0.006776816918206565	0.011428418633697921	0.010599939157839402	0.2559900436862577	0.006005173891471235	0.13276053045948183	0.0034918134817740207	0.011666271912081888	0.5463680431608415
133	134	0.019195084459938682	0.008722726520807236	0.014709999032027249	0.013643628199933403	0.47306663041348224	0.007729512276547929	0.027310609226846753	0.004494460220897192	0.015016150005922798	0.4161111996435965
134	135	0.21933328636582258	0.002172538791837173	0.0036637676818978087	0.0033981704522149546	0.1178250405128919	0.0019251624159859564	0.3286308086756903	0.0011194193873872115	0.0037400196273600695	0.31819178608891213
135	136	0.09474962499101004	0.17222920271182915	0.2592902803173958	0.007942245266047783	0.024654838190102914	0.004499512987870093	0.01589808470783917	0.0026163205922772824	0.008741219311398844	0.4093786709242289
136	137	0.014912948698347831	0.11831932590085599	0.011428418633697921	0.010599939157839402	0.5906175706342061	0.006005173891471235	0.021218021476832386	0.0034918134817740207	0.12320878089473132	0.10019800723024386
137	138	0.009573620464858214	0.14756370527676976	0.007336667263172357	0.006804810805725223	0.23594375860237804	0.003855123277450191	0.01362126892161228	0.0022416289148961617	0.007489361211205763	0.5655700552619319
138	139	0.004461758413083199	0.002027534628485816	0.2370236101239289	0.0031713625971837227	0.009844751585544752	0.0017966691681349217	0.006348153389927851	0.001044704739106935	0.0034903953541270015	0.730791060000477
139	140	0.008933894591807467	0.004059785173266399	0.00684641847093707	0.20681528883201925	0.019712401435695165	0.003597517274221025	0.012711072179959176	0.0020918393948392913	0.006988909145342301	0.7282428735019129
140	141	0.008933894591807467	0.004059785173266399	0.00684641847093707	0.006350101581600764	0.5542862341034778	0.003597517274221025	0.34681971759732333	0.0020918393948392913	0.006988909145342301	0.06002558266718462
141	142	0.21421474381634162	0.002535154505378232	0.004275282531350317	0.0039653548025675904	0.012309514217797671	0.002246488850191922	0.007937496820622253	0.0013062602674830046	0.7137264089295109	0.03748329525875656
142	143	0.005821743080472266	0.0026455456797465776	0.5269913706704569	0.004138022848051188	0.056389682058329234	0.0023443103209748566	0.008283128455189146	0.0013631402740673152	0.09164262045821893	0.3003804361544937
143	144	0.005149102982265297	0.0023398811938291735	0.15799836871550732	0.0036599186005051012	0.011361359144893763	0.04058654909156671	0.007326101623096894	0.0012056440061722139	0.1195673953232137	0.65080567931895
144	145	0.019195084459938682	0.008722726520807236	0.014709999032027249	0.013643628199933403	0.04235344469066909	0.007729512276547929	0.027310609226846753	0.004494460220897192	0.44572933572873596	0.4161111996435965
145	146	0.31139837506247714	0.0015592240477253915	0.0026294741876914315	0.0024388559169904738	0.007570856349579451	0.02704561390751451	0.004881886250010459	8.034036652704251E-4	0.5929546148653538	0.04871769574738686
146	147	0.04541112485255104	0.0024336069381195534	0.0041040327950990834	0.00380651946031764	0.01181644714030727	0.0021565040081924403	0.04767532485149825	0.0012539370058876412	0.0041894477318630665	0.877153055216164
147	148	0.014912948698347831	0.006776816918206565	0.011428418633697921	0.12214244814048883	0.7021600796168554	0.006005173891471235	0.021218021476832386	0.0034918134817740207	0.011666271912081888	0.10019800723024386
148	149	0.4499763059063829	0.03933795344396693	0.003799637943570472	0.0035241910814246087	0.048024871271052705	0.0019965567684485275	0.22956349257842226	0.001160932883408599	0.0038787176807167406	0.21873734044260632
149	150	0.10339057042115206	0.005540757035418805	0.009343928235430454	0.0086665595622071	0.026903302090723884	0.004909858107379428	0.017347953057368234	0.002854922945244588	0.009538398182237305	0.8115037503628382
150	151	0.07101057431625751	0.0038054953912067756	0.0690538499039569	0.06858862045108223	0.5195678143710813	0.0033721822270265543	0.011914898087874068	0.0019608143870826766	0.006551149976431965	0.24417460088800005
151	152	0.3048102435737628	0.002027534628485816	0.0034192327767336617	0.06991547041066809	0.009844751585544752	0.0017966691681349217	0.20658047683038092	0.001044704739106935	0.0034903953541270015	0.39707052093305517
152	153	0.019195084459938682	0.15229378842841163	0.014709999032027249	0.013643628199933403	0.6166376923210867	0.007729512276547929	0.027310609226846753	0.004494460220897192	0.015016150005922798	0.12896907582838774
153	154	0.008374308798043276	0.0038054953912067756	0.44487144301324233	0.19386115148751074	0.018477690225367334	0.0033721822270265543	0.13718742912430257	0.0019608143870826766	0.006551149976431965	0.1815383353697858
154	155	0.0037174123092216156	0.19632191816018146	0.002848809109666758	0.0026422906092822477	0.06381169537201595	0.0014969344959689045	0.5057730173198458	8.704187670202882E-4	0.0029080997786510372	0.21960940407814597
155	156	0.00495814928914863	0.0022531070591974077	0.003799637943570472	0.0035241910814246087	0.12219456404059174	0.0019965567684485275	0.007054414269805135	0.001160932883408599	0.0038787176807167406	0.8491797289836882
156	157	0.008374308798043276	0.06644176090942101	0.006417584385742649	0.005952354932867987	0.456931548852867	0.0033721822270265543	0.011914898087874068	0.0019608143870826766	0.006551149976431965	0.4320833974426428
157	158	0.14947144101778548	0.14599224640022443	0.004887051202224455	0.0045327745740849955	0.014070935854123985	0.0025679486573362722	0.009073307575680367	0.001493178699608559	0.004988762662693004	0.6629223533562385
158	159	0.0055788181291307765	0.002535154505378232	0.046002467668792485	0.0039653548025675904	0.012309514217797671	0.002246488850191922	0.04966468195806442	0.0013062602674830046	0.004364261592994154	0.8720269980075999
159	160	0.008374308798043276	0.0038054953912067756	0.006417584385742649	0.005952354932867987	0.2690227522982243	0.0033721822270265543	0.513005022233588	0.0019608143870826766	0.006551149976431965	0.1815383353697858
160	161	0.34594049927743625	0.0016002938795626588	0.10805840189797682	0.002503095179162092	0.06045010586600136	0.0014180762355277144	0.1103701423068299	8.245652510465263E-4	0.002754901565668848	0.36607991854078786
161	162	0.013416444785361435	0.006096768106879795	0.010281584861885216	0.009536242718725264	0.7320481061441856	0.005402558915148942	0.019088807945143185	0.003141412454814651	0.010495569731075387	0.19049250433678055
162	163	0.005149102982265297	0.0023398811938291735	0.003945973774849079	0.0036599186005051012	0.011361359144893763	0.0020734503564021466	0.1998915952989197	0.0012056440061722139	0.004028099117720013	0.7663449755244436
163	164	0.003936307719454549	0.0017887566897767185	0.0030165578517659087	0.00279787875468078	0.06756917129188268	0.14879461151570617	0.27057770369581097	9.216723426886932E-4	0.20917268431430275	0.2914246558239308
164	165	0.006377115347356708	0.002897920729795679	0.004887051202224455	0.2907214259149425	0.014070935854123985	0.0025679486573362722	0.009073307575680367	0.526172372824514	0.004988762662693004	0.13824315923133307
165	166	0.028367121305847127	0.22671617548950396	0.30282496807018344	0.002377831415418733	0.007381420093019265	0.15147775466504612	0.12986860279196974	7.833010803278357E-4	0.027638810516215438	0.12256401457246842
166	167	0.0047808521225939345	0.002172538791837173	0.0036637676818978087	0.0033981704522149546	0.010548823391277589	0.0019251624159859564	0.006802157310847326	0.0011194193873872115	0.325568670992203	0.6400204374537551
167	168	0.0493659034597135	0.0026455456797465776	0.0044614461195620035	0.1347705039857749	0.2741104839545354	0.0023443103209748566	0.3130922511098778	0.0013631402740673152	0.004554299699736454	0.21329211539601126
168	169	0.0047808521225939345	0.002172538791837173	0.0036637676818978087	0.0033981704522149546	0.04630756243181569	0.0019251624159859564	0.4001482867567665	0.0011194193873872115	0.0037400196273600695	0.5327442203321407
169	170	0.012192896224954772	0.005540757035418805	0.009343928235430454	0.0086665595622071	0.11810097628692116	0.004909858107379428	0.017347953057368234	0.002854922945244588	0.009538398182237305	0.8115037503628382
170	171	0.0066965270201158	0.0030430693836005626	0.005131829775973927	0.004759808433453478	0.21512439691881413	0.0026965699432189598	0.31005079541433606	0.001567967797843689	0.005238635675849236	0.44569039963679424
171	172	0.012192896224954772	0.005540757035418805	0.009343928235430454	0.0086665595622071	0.11810097628692116	0.004909858107379428	0.017347953057368234	0.002854922945244588	0.6479221175556183	0.17312003098945714
172	173	0.24170081453898323	0.004686044344602772	0.007902541436867645	0.31584804258132043	0.3312715999839369	0.004152467374009003	0.0146718718751345	0.0024145248449481734	0.008067012607251777	0.06928508041294558
173	174	0.08744162480148766	0.004686044344602772	0.007902541436867645	0.0073296631063292875	0.09988281537769353	0.004152467374009003	0.16893106161263008	0.0024145248449481734	0.008067012607251777	0.6091922444941801
174	175	0.13364683983447176	0.0038054953912067756	0.006417584385742649	0.005952354932867987	0.018477690225367334	0.0033721822270265543	0.011914898087874068	0.0019608143870826766	0.006551149976431965	0.8079009905519282
175	176	0.0047808521225939345	0.1452074949539896	0.25397494096566453	0.0033981704522149546	0.010548823391277589	0.0019251624159859564	0.006802157310847326	0.0011194193873872115	0.0037400196273600695	0.5685029593726789
176	177	0.1081883888790655	0.0020975336339905536	0.0035372790436619373	0.0032808513451335264	0.11375722556976697	0.0018586977289414964	0.14466410740767627	0.0010807723316186271	0.2798044766874249	0.34173066737272023
177	178	0.005355354270028698	0.0024336069381195534	0.0041040327950990834	0.00380651946031764	0.2922068412179637	0.0021565040081924403	0.40817726009419936	0.0012539370058876412	0.0041894477318630665	0.2763164964783289
178	179	0.013416444785361435	0.006096768106879795	0.010281584861885216	0.009536242718725264	0.02960302953332441	0.4067997455499267	0.019088807945143185	0.003141412454814651	0.010495569731075387	0.4915403943128639
179	180	0.01117386566456564	0.005077684058940339	0.00856300233806255	0.007942245266047783	0.024654838190102914	0.004499512987870093	0.5173526406665057	0.0026163205922772824	0.008741219311398844	0.4093786709242289
180	181	0.008933894591807467	0.004059785173266399	0.34095506388830116	0.006350101581600764	0.4206427759365321	0.003597517274221025	0.012711072179959176	0.0020918393948392913	0.006988909145342301	0.19366904083413025
181	182	0.007049622683434743	0.10865987927861749	0.005402421805744619	0.0050107844559548085	0.01555480545220239	0.002838755161008219	0.6427682718749212	0.001650643881727061	0.005514859386034203	0.20554995602035536
182	183	0.01117386566456564	0.005077684058940339	0.00856300233806255	0.4258210418982698	0.024654838190102914	0.004499512987870093	0.01589808470783917	0.0026163205922772824	0.17589273796428767	0.3258029115977845
183	184	0.014912948698347831	0.006776816918206565	0.011428418633697921	0.010599939157839402	0.2559900436862577	0.006005173891471235	0.021218021476832386	0.0034918134817740207	0.011666271912081888	0.657910552143491
184	185	0.006377115347356708	0.002897920729795679	0.004887051202224455	0.0045327745740849955	0.014070935854123985	0.0025679486573362722	0.009073307575680367	0.001493178699608559	0.19578119688993137	0.7583185704698577
185	186	0.19716954957459507	0.002897920729795679	0.19567948542946279	0.19532520880132334	0.014070935854123985	0.0025679486573362722	0.009073307575680367	0.001493178699608559	0.004988762662693004	0.37673370201538103
186	187	0.004055715721971078	0.001843018672969413	0.003108065216846815	0.002882752483360244	0.37296915793406715	0.0016331631428134926	0.06644049396485505	9.496312984561139E-4	0.0031727516380353417	0.5429452499266254
