0	1	0.001799748099770967	0.12130445648012429	0.004778601599675646	0.0013279198319879845	0.0018825751640178762	0.0018282229843311747	0.15223090355992347	0.013408204176505005	0.0025922008700515406	0.09393483117701919	0.001716575021339161	0.12131598268317173	0.0028226730174099354	0.06746532144926817	0.007671360142314474	4.6487486533963843E-4	0.031204743426852855	0.0017404127601314196	0.0016241586737145988	0.36888623401705095
1	2	0.0025662235549981953	0.002613794372254471	0.006813709088844303	0.0018934533963005573	0.002684324951126251	0.0026068253033726253	0.004123245303864634	0.019118480743139047	0.1740478842915668	0.006175941974597113	0.0024476287844074802	0.002630229346551028	0.0040247910172857065	0.011021545740604233	0.6071694491875077	6.628554461110474E-4	0.0019062679312614066	0.002481618522634943	0.0023158542276396563	0.1426958768159328
2	3	0.003892366047187502	0.0039645199456912585	0.010334816645718578	0.0028719297262070898	0.004071498478389354	0.003953949484266191	0.07085002052706167	0.028998301871816012	0.005606226035389358	0.009367471826256715	0.0037124852813352014	0.003989447990566274	0.006104674657901793	0.016717129084368537	0.7917432298142453	0.0010053980011253464	0.0028913664041593902	0.003764039832290704	0.003512613836134231	0.02264851450988958
3	4	0.008054861681656984	0.008204176947794408	0.02138686793003445	0.005943170920615823	0.00842555830641879	0.008182302436595306	0.012942041053860837	0.060009081301381766	0.01160152326983603	0.019385044713828233	0.007682616453288047	0.008255763039911174	0.012633012770329227	0.03459442427987737	0.03433355193673106	0.0020805704643145468	0.005983393178892332	0.007789303432871215	0.007269002516240685	0.7152437333655218
4	5	0.004827968627858504	0.004917466057989859	0.012818982062658909	0.0035622514561704484	0.005050158870911177	0.004904354789541947	0.007757273887246101	0.035968583119118464	0.006953786743438708	0.011619117922425247	0.004604850174002503	0.0049483860221328484	0.40818638147646097	0.4213497367247633	0.020579038869279375	0.0012470641119306305	0.003586360101206878	0.004668796820237471	0.004356935909173201	0.028092506253453508
5	6	0.008054861681656984	0.008204176947794408	0.02138686793003445	0.005943170920615823	0.00842555830641879	0.008182302436595306	0.012942041053860837	0.060009081301381766	0.01160152326983603	0.019385044713828233	0.007682616453288047	0.008255763039911174	0.012633012770329227	0.7029693253052393	0.03433355193673106	0.0020805704643145468	0.005983393178892332	0.007789303432871215	0.007269002516240685	0.04686883234015986
6	7	0.004469832808488713	0.004552691372889534	0.011868077655781403	0.0032980057780408628	0.7464695480230885	0.004540552690477388	0.007181843959293763	0.03330045517963562	0.006437959010276976	0.01075721871838097	0.004263265147822866	0.004581317712623007	0.0070103568729759265	0.019197262317875684	0.01905249809915817	0.0011545576434842855	0.003320326058237017	0.004322468270163921	0.004033741014581367	0.10018802166672404
7	8	0.0025662235549981953	0.002613794372254471	0.049401638773268974	0.0018934533963005573	0.002684324951126251	0.0026068253033726253	0.004123245303864634	0.019118480743139047	0.0462840952382928	0.2617035200811451	0.0024476287844074802	0.002630229346551028	0.0040247910172857065	0.22396119416272756	0.01093843360556234	6.628554461110474E-4	0.0019062679312614066	0.002481618522634943	0.0023158542276396563	0.35563552523805614
8	9	0.005749263591353297	0.005855839328735858	0.015265158606415	0.38589112589494556	0.006013853188594175	0.00584022610832488	0.009237552222430627	0.3290691040190548	0.008280740002202656	0.013836330925926189	0.005483568657895883	0.10130493692900217	0.009016979215788853	0.02469222586764679	0.02450602479757036	0.0014850345657664936	0.004270725670497278	0.005559717894422908	0.005188346263877875	0.03345324624954845
9	10	0.10116154093908782	0.005855839328735858	0.015265158606415	0.00424201650400746	0.006013853188594175	0.00584022610832488	0.009237552222430627	0.13824454932358574	0.008280740002202656	0.013836330925926189	0.005483568657895883	0.005892659581267633	0.581490643302196	0.02469222586764679	0.02450602479757036	0.0014850345657664936	0.004270725670497278	0.005559717894422908	0.005188346263877875	0.03345324624954845
10	11	0.007105089044304326	0.007236798104435841	0.018865078883690052	0.005242394005679434	0.007432075730289712	0.007217502881747637	0.011416006597869639	0.17084619920906988	0.010233553242691667	0.017099296581743067	0.1246897030688549	0.007282301527389954	0.01114341675604768	0.38425419322237725	0.14819814768374978	0.0018352442284103232	0.005277873538154636	0.006870843556468181	0.006411892864501413	0.04134238927252472
11	12	0.0028051550467696664	0.0028571550051698195	0.007448108096648416	0.0020697457710224347	0.0029342524228474073	0.0028495370723100265	0.23727280915021884	0.30021732773711535	0.004040301725442111	0.006750960868103284	0.0026755183599755307	0.2821939168275469	0.004399524278523022	0.012047720705096727	0.05851000308437245	7.245714412977052E-4	0.048636886194311474	0.0027126727557963627	0.0025314747663325917	0.01632235869109982
12	13	0.0030931463524443304	0.003150484887737741	0.0082127682811291	0.002282236266939151	0.003235497513527152	0.003142084859630357	0.004969871446718553	0.33103914641010995	0.004455099392533492	0.0074440484167585825	0.002950200512298342	0.0031702944560424583	0.46684380227704464	0.013284600220993727	0.013184422667542476	7.989595845392697E-4	0.0022976820109372608	0.0029911693649978827	0.10545639106655082	0.0179980940115247
13	14	0.003447036424091301	0.0035109351204799283	0.009152399589919896	0.002543349277445157	0.003605674128665613	0.003501574036473457	0.005538479576419754	0.7693522953931967	0.004964811919382456	0.008295729691221533	0.0032877360026074705	0.003533011121972042	0.005406232519734263	0.014804505064905714	0.1291038998193642	8.903693765111886E-4	0.002560562184980748	0.003333392144094908	0.0031107320560641244	0.020057274552469383
14	15	0.002461397721892821	0.00250702535281185	0.006535380752879719	0.0018161090708902381	0.0025746748784428717	0.0025003409584471894	0.003954817801422924	0.222578952391577	0.0035451835270977165	0.005923665331965311	0.0023476473443811495	0.0025227889865818394	0.0038603852036767283	0.010571334490646065	0.5006710464954814	6.357789374289837E-4	0.0018284001540650914	0.0023802486600684996	0.002221255552364422	0.21856356638787808
15	16	0.007105089044304326	0.007236798104435841	0.3726039790247826	0.005242394005679434	0.007432075730289712	0.007217502881747637	0.011416006597869639	0.05293323249537237	0.010233553242691667	0.017099296581743067	0.006776736355157388	0.007282301527389954	0.01114341675604768	0.030515293081284662	0.030285180970052283	0.0018352442284103232	0.005277873538154636	0.006870843556468181	0.006411892864501413	0.39508128941361725
16	17	0.004469832808488713	0.004552691372889534	0.16022687903790464	0.0032980057780408628	0.004675541112472337	0.004540552690477388	0.08136124465035538	0.5525562600170669	0.006437959010276976	0.01075721871838097	0.004263265147822866	0.004581317712623007	0.0070103568729759265	0.019197262317875684	0.09323189879021979	0.0011545576434842855	0.003320326058237017	0.004322468270163921	0.004033741014581367	0.026008620975662426
17	18	0.010994146245001469	0.01119794786660653	0.02919111004485447	0.008111882344185594	0.011500113084188872	0.011168091168296175	0.017664697133034923	0.2643609513962224	0.015835013502941565	0.026458805249884615	0.01048606570415099	0.011268358143449815	0.017242901914536594	0.22967227924965192	0.04686214438199078	0.0028397875546137563	0.008166782031762253	0.010631683630607246	0.1923755887602421	0.06397165059377803
18	19	0.003892366047187502	0.1977525605871231	0.010334816645718578	0.0028719297262070898	0.004071498478389354	0.003953949484266191	0.006254006979917735	0.4165743831546797	0.005606226035389358	0.009367471826256715	0.0037124852813352014	0.003989447990566274	0.006104674657901793	0.016717129084368537	0.14578309434280576	0.0010053980011253464	0.0028913664041593902	0.003764039832290704	0.13270464093042214	0.02264851450988958
19	20	0.0016982990623780345	0.0017297809160090394	0.004509239163658565	0.0012530670296945362	0.001776457292170277	0.001725168861410509	0.0027287192574743813	0.06902086908155212	0.0024460824865792557	0.032271404163187856	0.17072520869289476	0.0017406574046858294	0.0026635632728141873	0.00729394006253596	0.5991078176439596	4.386705828609532E-4	0.0012615475506789352	0.0016423083647417657	0.0015326073427018331	0.09443459176801165
20	21	0.0026803751849006196	0.002730062063446652	0.007116798816416025	0.0019776786349439386	0.002803730007541542	0.002722782994070027	0.004306656905323493	0.01996891551287561	0.003860579648478665	0.006450662328250618	0.00255650504134621	0.0027472281038655286	0.004203823141647967	0.011511809890772936	0.5896954268781985	6.923408077491249E-4	0.0019910631904119158	0.0025920067226820834	0.0024188688438786035	0.3269726852831999
21	22	0.004469832808488713	0.004552691372889534	0.08604747834684302	0.0032980057780408628	0.004675541112472337	0.078719953381539	0.526437648796725	0.03330045517963562	0.006437959010276976	0.01075721871838097	0.004263265147822866	0.004581317712623007	0.0070103568729759265	0.019197262317875684	0.01905249809915817	0.0011545576434842855	0.003320326058237017	0.004322468270163921	0.004033741014581367	0.17436742235778566
22	23	0.0030931463524443304	0.003150484887737741	0.0082127682811291	0.002282236266939151	0.054568008706857865	0.003142084859630357	0.004969871446718553	0.1257091016367871	0.0557876105858642	0.0074440484167585825	0.002950200512298342	0.0031702944560424583	0.3641787798903832	0.013284600220993727	0.013184422667542476	7.989595845392697E-4	0.0022976820109372608	0.0029911693649978827	0.002791368679889396	0.32599316117150895
23	24	0.0036561907030052336	0.003723966551858308	0.0703842859069135	0.0026976709377654557	0.003824453996237939	0.003714037469567414	0.0058745354109301165	0.14859188551629748	0.005266059579454826	0.008799085950965653	0.0034872244814871264	0.0037473820489650066	0.0057342640590598605	0.6831448444746085	0.015584378522363449	9.44393918755571E-4	0.0027159282651506474	0.0035356508801392566	0.0032994805460810415	0.021274280780393534
24	25	0.0030931463524443304	0.003150484887737741	0.0082127682811291	0.002282236266939151	0.003235497513527152	0.2084721296329532	0.6209600057666871	0.023044079250125696	0.004455099392533492	0.0074440484167585825	0.002950200512298342	0.0031702944560424583	0.004851201537068248	0.013284600220993727	0.013184422667542476	7.989595845392697E-4	0.0022976820109372608	0.0029911693649978827	0.002791368679889396	0.0693306052048554
25	26	0.002275497386870763	0.0023176789303092256	0.006041787433664828	0.001678945019054086	0.0023802191355865986	0.0023114993837149017	0.003656124929606033	0.016952557733023572	0.0032774288283993957	0.005476272633103111	0.0021703381578355124	0.0023322519946832408	0.0035688244793392466	0.5384572258986264	0.009699223996848532	5.877608880025275E-4	0.22826929587260278	0.002200477215816791	0.15310615098777725	0.013240439095135208
26	27	0.003260516871232939	0.0033209580015235284	0.008657162154318113	0.002405728344090278	0.0034105706706541515	0.003312103446891378	0.005238791784643283	0.02429099713231755	0.43757712142254745	0.007846846766217809	0.003109836214593382	0.0033418394679366296	0.005113700631999716	0.12222367054394202	0.013897833353736183	8.42191383141297E-4	0.0024220098591420263	0.0031530218968086284	0.0029424099727510043	0.34363269008151254
27	28	0.010994146245001469	0.01119794786660653	0.211645178128854	0.008111882344185594	0.011500113084188872	0.011168091168296175	0.017664697133034923	0.2643609513962224	0.015835013502941565	0.026458805249884615	0.01048606570415099	0.011268358143449815	0.19969696999853612	0.04721821116565239	0.04686214438199078	0.0028397875546137563	0.008166782031762253	0.010631683630607246	0.009921520676242569	0.06397165059377803
28	29	0.006355672808046041	0.006473489725868094	0.01687526618386696	0.004689447355718914	0.006648170252589171	0.006456229685719418	0.01021189210411344	0.047350047876248316	0.009154159176429451	0.22624769328211342	0.006061953440864722	0.006514193630652272	0.5373479583928821	0.027296662611392505	0.027090821800807015	0.001641670043246164	0.004721184649704777	0.0061461345928084535	0.0057355921752569915	0.036981760211671905
29	30	0.06988463212904548	0.002081829517593166	0.0054269688756020855	0.34071155241820195	0.03605835142532327	0.0020762788080720294	0.0032840738632622236	0.015227447868545817	0.0029439142702403203	0.004919001447910055	0.0019494822950036122	0.0020949196118158213	0.0032056571973954283	0.008778417880096067	0.008712220899248198	5.279497301928604E-4	0.0015183003260957721	0.0019765543711731553	0.0018445267694813833	0.4867779202957013
30	31	0.008054861681656984	0.008204176947794408	0.15506184813510684	0.005943170920615823	0.00842555830641879	0.008182302436595306	0.14661702125893322	0.3273590417115266	0.01160152326983603	0.019385044713828233	0.007682616453288047	0.008255763039911174	0.012633012770329227	0.03459442427987737	0.03433355193673106	0.0020805704643145468	0.005983393178892332	0.007789303432871215	0.007269002516240685	0.18054381254523225
31	32	0.14227477653387444	0.004238297038614416	0.011048506095114282	0.0030702560260596383	0.0043526631673111394	0.004226996614863656	0.0066858887395098085	0.3072280642614898	0.005993374110632903	0.010014359530131028	0.003968857664818503	0.004264946534699572	0.1446398601156791	0.15598517677047574	0.017736793394940317	0.0010748275779087864	0.14120465105063376	0.004023972408503745	0.003755183735590446	0.02421254862914897
32	33	0.04160998685105752	0.0024086366736675137	0.0062788985121796145	0.001744835530530334	0.041718818424399694	0.0024022146096106343	0.12153517166687217	0.21384379975078882	0.3566127364266714	0.005691189977437493	0.002255513485004218	0.0024237816606801402	0.003708883663912843	0.010156460490205238	0.010079871857750557	6.108276740477546E-4	0.0017566442478457952	0.0807772096427457	0.002134081962518576	0.09225043689207392
33	34	0.006355672808046041	0.006473489725868094	0.12235124707379572	0.004689447355718914	0.006648170252589171	0.006456229685719418	0.01021189210411344	0.047350047876248316	0.009154159176429451	0.12077171239218465	0.006061953440864722	0.006514193630652272	0.009968053943238284	0.027296662611392505	0.027090821800807015	0.001641670043246164	0.004721184649704777	0.0061461345928084535	0.0057355921752569915	0.5643616646613157
34	35	0.0025662235549981953	0.002613794372254471	0.006813709088844303	0.17224517213399923	0.13044811400440023	0.0026068253033726253	0.004123245303864634	0.27464605884968707	0.003696165553868135	0.006175941974597113	0.0024476287844074802	0.002630229346551028	0.2595523691238337	0.011021545740604233	0.01093843360556234	6.628554461110474E-4	0.0019062679312614066	0.045069548207059607	0.0023158542276396563	0.057520017447083446
35	36	0.0021926943105325947	0.0022333409097511476	0.15137793621359186	0.001617849887333674	0.0022936053394457113	0.0022273862306830786	0.0035230821964458902	0.0163356710953179	0.003158166467986814	0.4055560058605308	0.0020913617207717772	0.0022473836748733134	0.0034389585223378047	0.37330730206136425	0.009346278926612045	5.663728565511747E-4	0.0016287991898003467	0.002120404048546647	0.0019787677418352983	0.012758632745687788
36	37	0.08495083557036492	0.004917466057989859	0.012818982062658909	0.0035622514561704484	0.0851730258134176	0.004904354789541947	0.007757273887246101	0.11609145006162487	0.006953786743438708	0.011619117922425247	0.004604850174002503	0.0049483860221328484	0.007572046763928862	0.4213497367247633	0.020579038869279375	0.0012470641119306305	0.003586360101206878	0.004668796820237471	0.004356935909173201	0.18833824013846634
37	38	0.003260516871232939	0.0033209580015235284	0.008657162154318113	0.056515847852772895	0.11163080968801939	0.003312103446891378	0.059348911293325896	0.2948415946757307	0.22113664338781705	0.061956966274900424	0.003109836214593382	0.0033418394679366296	0.005113700631999716	0.014003431526576769	0.12211807237110144	8.42191383141297E-4	0.0024220098591420263	0.0031530218968086284	0.0029424099727510043	0.018971973029416805
38	39	0.0021926943105325947	0.0022333409097511476	0.005821932825623852	0.001617849887333674	0.0022936053394457113	0.0022273862306830786	0.0035230821964458902	0.0163356710953179	0.003158166467986814	0.2600000024725628	0.0020913617207717772	0.0022473836748733134	0.0034389585223378047	0.37330730206136425	0.009346278926612045	5.663728565511747E-4	0.0016287991898003467	0.002120404048546647	0.0019787677418352983	0.30387063952162385
39	40	0.008054861681656984	0.008204176947794408	0.02138686793003445	0.005943170920615823	0.27577551871656353	0.008182302436595306	0.012942041053860837	0.060009081301381766	0.01160152326983603	0.019385044713828233	0.007682616453288047	0.008255763039911174	0.012633012770329227	0.43561936489509456	0.03433355193673106	0.0020805704643145468	0.005983393178892332	0.007789303432871215	0.007269002516240685	0.04686883234015986
40	41	0.0030931463524443304	0.05448299608106845	0.11087779066779051	0.002282236266939151	0.003235497513527152	0.003142084859630357	0.004969871446718553	0.33103914641010995	0.004455099392533492	0.0074440484167585825	0.002950200512298342	0.0031702944560424583	0.3128462686970525	0.013284600220993727	0.013184422667542476	7.989595845392697E-4	0.0022976820109372608	0.0029911693649978827	0.10545639106655082	0.0179980940115247
41	42	0.0023647997076628115	0.0024086366736675137	0.0062788985121796145	0.001744835530530334	0.002473631281004984	0.0024022146096106343	0.0037996102366880525	0.17459861260739412	0.0034060521361190866	0.12342675140762162	0.002255513485004218	0.0024237816606801402	0.003708883663912843	0.010156460490205238	0.3632865561483029	6.108276740477546E-4	0.0017566442478457952	0.2770031453597192	0.002134081962518576	0.01376006260528451
42	43	0.11183165369797479	0.006473489725868094	0.5442551706335107	0.004689447355718914	0.006648170252589171	0.006456229685719418	0.01021189210411344	0.047350047876248316	0.009154159176429451	0.01529573150225591	0.006061953440864722	0.006514193630652272	0.009968053943238284	0.027296662611392505	0.13256680269073576	0.001641670043246164	0.004721184649704777	0.0061461345928084535	0.0057355921752569915	0.036981760211671905
43	44	0.0030931463524443304	0.003150484887737741	0.0082127682811291	0.002282236266939151	0.003235497513527152	0.003142084859630357	0.004969871446718553	0.023044079250125696	0.2611176553591871	0.5207691603500656	0.002950200512298342	0.0031702944560424583	0.004851201537068248	0.013284600220993727	0.1158494450542039	7.989595845392697E-4	0.0022976820109372608	0.0029911693649978827	0.002791368679889396	0.0179980940115247
44	45	0.002461397721892821	0.00250702535281185	0.047383666515515954	0.042664394833526464	0.0025746748784428717	0.0025003409584471894	0.003954817801422924	0.018337523578395843	0.0035451835270977165	0.005923665331965311	0.0023476473443811495	0.0025227889865818394	0.5348881001179477	0.010571334490646065	0.010491617343846708	6.357789374289837E-4	0.0018284001540650914	0.0023802486600684996	0.20646268436554557	0.09601870909996939
45	46	0.003260516871232939	0.0033209580015235284	0.008657162154318113	0.002405728344090278	0.057520690179336774	0.003312103446891378	0.005238791784643283	0.3489517141844133	0.004696165353086539	0.007846846766217809	0.27366043375800647	0.11156207848530186	0.005113700631999716	0.06811355103525939	0.013897833353736183	8.42191383141297E-4	0.0024220098591420263	0.0031530218968086284	0.0029424099727510043	0.07308209253809943
46	47	0.002275497386870763	0.0023176789303092256	0.006041787433664828	0.19049476841136231	0.0023802191355865986	0.0023114993837149017	0.003656124929606033	0.2057683811253318	0.0032774288283993957	0.005476272633103111	0.0021703381578355124	0.19114807538699147	0.15462148319318583	0.009772920400163329	0.009699223996848532	5.877608880025275E-4	0.001690307801832922	0.11548997125120172	0.002053492273930652	0.0887667684520585
47	48	0.0016076767898552675	0.0016374787525986947	0.004268623414988712	0.0011862026096581342	0.13508318737600683	0.0016331128000430708	0.055943722306484436	0.3588212239015074	0.0289958626204358	0.0038690777928190563	0.13493490297079969	0.0016477748652140513	0.002521433914011732	0.0069047309775434095	0.0602132724124339	4.1526285333416305E-4	0.0011942306048767196	0.0015546737899527706	0.0014508264812755532	0.19611672276616068
48	49	0.0052484929284102	0.005345785737324672	0.013935537260341599	0.0038725296326588897	0.005490036320530576	0.00533153245503649	0.008432945671192437	0.12620321333106668	0.007559473426984392	0.012631162907382585	0.005005940476742662	0.005379398883071884	0.6179435219485405	0.1096431961728457	0.022371508247931583	0.00135568552268022	0.0038987381817901174	0.005075456984911989	0.00473643245668211	0.030539411453874774
49	50	0.006355672808046041	0.006473489725868094	0.01687526618386696	0.004689447355718914	0.006648170252589171	0.006456229685719418	0.01021189210411344	0.25830200965610584	0.009154159176429451	0.01529573150225591	0.006061953440864722	0.006514193630652272	0.009968053943238284	0.027296662611392505	0.027090821800807015	0.001641670043246164	0.004721184649704777	0.0061461345928084535	0.0057355921752569915	0.5643616646613157
50	51	0.004469832808488713	0.004552691372889534	0.08604747834684302	0.07747740646910248	0.004675541112472337	0.078719953381539	0.007181843959293763	0.03330045517963562	0.006437959010276976	0.01075721871838097	0.004263265147822866	0.07876071840368463	0.0070103568729759265	0.019197262317875684	0.09323189879021979	0.0011545576434842855	0.003320326058237017	0.004322468270163921	0.004033741014581367	0.47108502512203215
51	52	0.005749263591353297	0.005855839328735858	0.20608971330188403	0.00424201650400746	0.006013853188594175	0.19666478080379396	0.009237552222430627	0.042832271975851204	0.008280740002202656	0.013836330925926189	0.005483568657895883	0.005892659581267633	0.009016979215788853	0.40634133525858485	0.02450602479757036	0.0014850345657664936	0.004270725670497278	0.005559717894422908	0.005188346263877875	0.03345324624954845
52	53	0.00191408739864985	0.0019495693821568467	0.13214363659733216	0.0014122835396514028	0.0020021765262129496	0.0019443713132274727	0.1619022430006794	0.07779076057892352	0.002756885266758303	0.03637185547226332	0.19241780074550563	0.0019618278532229794	0.003001999476382758	0.008220718641072692	0.19875089767344625	4.944087018671578E-4	0.0014218416079032302	0.001850982441954455	0.0017273426493188606	0.1699643111334707
53	54	0.0020439404117815543	0.002081829517593166	0.14110835231012994	0.17110982312504208	0.06997869728395523	0.0020762788080720294	0.07112476558052616	0.08306813958580975	0.10470495184613621	0.004919001447910055	0.0019494822950036122	0.0020949196118158213	0.0032056571973954283	0.04269876373872803	0.008712220899248198	5.279497301928604E-4	0.0015183003260957721	0.0019765543711731553	0.0018445267694813833	0.28325584514390956
54	55	0.0036561907030052336	0.12507706711798852	0.0703842859069135	0.0026976709377654557	0.003824453996237939	0.003714037469567414	0.0058745354109301165	0.027238784950167263	0.005266059579454826	0.4942114882154865	0.0034872244814871264	0.0037473820489650066	0.18776391490825517	0.01570279136089236	0.015584378522363449	9.44393918755571E-4	0.0027159282651506474	0.0035356508801392566	0.0032994805460810415	0.021274280780393534
55	56	0.0052484929284102	0.005345785737324672	0.013935537260341599	0.0038725296326588897	0.005490036320530576	0.00533153245503649	0.008432945671192437	0.03910150804549935	0.007559473426984392	0.012631162907382585	0.005005940476742662	0.005379398883071884	0.008231584949569127	0.3709483120295477	0.022371508247931583	0.00135568552268022	0.0038987381817901174	0.005075456984911989	0.00473643245668211	0.46604793788171145
56	57	0.00191408739864985	0.0019495693821568467	0.005082189616575319	0.0014122835396514028	0.0020021765262129496	0.2878326270199304	0.06660615776511176	0.01426003708854508	0.1615836939927044	0.06813721721745254	0.06535635376474877	0.0019618278532229794	0.003001999476382758	0.008220718641072692	0.16698553592825705	4.944087018671578E-4	0.0014218416079032302	0.001850982441954455	0.0017273426493188606	0.13819894938828148
57	58	0.00191408739864985	0.0019495693821568467	0.036847551361764534	0.0014122835396514028	0.0020021765262129496	0.0019443713132274727	0.0030754342747333326	0.20485220755968037	0.1933490557378936	0.06813721721745254	0.0018256302743703495	0.0019618278532229794	0.003001999476382758	0.008220718641072692	0.45287379163496	4.944087018671578E-4	0.0014218416079032302	0.001850982441954455	0.0017273426493188606	0.011137502407524631
58	59	0.19859073542463632	0.15938938524724633	0.0062788985121796145	0.001744835530530334	0.002473631281004984	0.0024022146096106343	0.0037996102366880525	0.017617864033815288	0.0034060521361190866	0.005691189977437493	0.002255513485004218	0.08091415594746955	0.003708883663912843	0.010156460490205238	0.12781543328793468	6.108276740477546E-4	0.0017566442478457952	0.0022868353559562966	0.002134081962518576	0.3669667468958369
59	60	0.00191408739864985	0.0019495693821568467	0.005082189616575319	0.06494300703002984	0.033767538271402164	0.0019443713132274727	0.0030754342747333326	0.01426003708854508	0.1933490557378936	0.38579083466934466	0.0018256302743703495	0.0019618278532229794	0.003001999476382758	0.008220718641072692	0.19875089767344625	4.944087018671578E-4	0.0014218416079032302	0.001850982441954455	0.0017273426493188606	0.07466822589790306
60	61	0.0030931463524443304	0.003150484887737741	0.0082127682811291	0.002282236266939151	0.003235497513527152	0.003142084859630357	0.15896740502671067	0.023044079250125696	0.004455099392533492	0.0074440484167585825	0.002950200512298342	0.0031702944560424583	0.004851201537068248	0.7319397569276237	0.013184422667542476	7.989595845392697E-4	0.0022976820109372608	0.0029911693649978827	0.002791368679889396	0.0179980940115247
61	62	0.004161160422191204	0.004238297038614416	0.011048506095114282	0.0030702560260596383	0.0043526631673111394	0.004226996614863656	0.0066858887395098085	0.5834552964848562	0.005993374110632903	0.010014359530131028	0.003968857664818503	0.004264946534699572	0.006526244003995878	0.0178715606587925	0.017736793394940317	0.0010748275779087864	0.279318267162317	0.004023972408503745	0.003755183735590446	0.02421254862914897
62	63	0.0036561907030052336	0.003723966551858308	0.009707735623848376	0.0026976709377654557	0.003824453996237939	0.003714037469567414	0.0058745354109301165	0.2092684357993626	0.005266059579454826	0.008799085950965653	0.0034872244814871264	0.0037473820489650066	0.0057342640590598605	0.01570279136089236	0.4403202305038192	9.44393918755571E-4	0.0027159282651506474	0.0035356508801392566	0.0032994805460810415	0.26398048191265394
63	64	0.006355672808046041	0.006473489725868094	0.01687526618386696	0.004689447355718914	0.006648170252589171	0.006456229685719418	0.01021189210411344	0.15282602876617707	0.009154159176429451	0.01529573150225591	0.006061953440864722	0.006514193630652272	0.009968053943238284	0.4492005861711075	0.027090821800807015	0.001641670043246164	0.004721184649704777	0.0061461345928084535	0.0057355921752569915	0.2479337219915294
64	65	0.04330968348452905	0.00250702535281185	0.006535380752879719	0.0018161090708902381	0.0025746748784428717	0.0025003409584471894	0.003954817801422924	0.5493652384926668	0.0035451835270977165	0.005923665331965311	0.0023476473443811495	0.0025227889865818394	0.04470867096631296	0.13311619177855477	0.09218818886911917	6.357789374289837E-4	0.0018284001540650914	0.0023802486600684996	0.002221255552364422	0.09601870909996939
65	66	0.004161160422191204	0.004238297038614416	0.011048506095114282	0.0030702560260596383	0.0043526631673111394	0.004226996614863656	0.0066858887395098085	0.6525121045406979	0.07505018216647451	0.010014359530131028	0.003968857664818503	0.004264946534699572	0.0755830520598375	0.0178715606587925	0.017736793394940317	0.0010748275779087864	0.07214784299479214	0.004023972408503745	0.003755183735590446	0.02421254862914897
66	67	0.006355672808046041	0.006473489725868094	0.01687526618386696	0.004689447355718914	0.006648170252589171	0.006456229685719418	0.01021189210411344	0.3637779905460346	0.009154159176429451	0.01529573150225591	0.006061953440864722	0.006514193630652272	0.4318719775029533	0.027296662611392505	0.027090821800807015	0.001641670043246164	0.004721184649704777	0.0061461345928084535	0.0057355921752569915	0.036981760211671905
67	68	0.0023647997076628115	0.0024086366736675137	0.0062788985121796145	0.001744835530530334	0.002473631281004984	0.0024022146096106343	0.0037996102366880525	0.21384379975078882	0.0034060521361190866	0.005691189977437493	0.19848144920197774	0.0024237816606801402	0.31767038081107046	0.010156460490205238	0.010079871857750557	6.108276740477546E-4	0.0017566442478457952	0.19851277107292983	0.002134081962518576	0.01376006260528451
68	69	0.0030931463524443304	0.20848052966106054	0.0082127682811291	0.002282236266939151	0.003235497513527152	0.2084721296329532	0.004969871446718553	0.0743765904434564	0.004455099392533492	0.2127740931900814	0.002950200512298342	0.0031702944560424583	0.004851201537068248	0.013284600220993727	0.013184422667542476	7.989595845392697E-4	0.0022976820109372608	0.0029911693649978827	0.002791368679889396	0.22332813878484753
69	70	0.009297736412557602	0.009470091201725263	0.024686887070509686	0.006860209257286212	0.009725631967103117	0.16374602995449386	0.014939013370437364	0.069268553868601	0.013391652099095888	0.022376180152821824	0.008868053303027817	0.009529637089167112	0.014582301655468354	0.34853476211675966	0.039631259806923655	0.002401604959772545	0.006906637857820029	0.00899120221036103	0.008390618243902697	0.20840193740216545
70	71	0.0025662235549981953	0.17296551310995312	0.006813709088844303	0.044481383080725224	0.002684324951126251	0.1729585440410713	0.004123245303864634	0.019118480743139047	0.003696165553868135	0.006175941974597113	0.0024476287844074802	0.130394018399825	0.0040247910172857065	0.09619740510945357	0.181290152343261	6.628554461110474E-4	0.0019062679312614066	0.002481618522634943	0.0023158542276396563	0.1426958768159328
71	72	0.004161160422191204	0.004238297038614416	0.011048506095114282	0.0030702560260596383	0.0043526631673111394	0.004226996614863656	0.0066858887395098085	0.23817125620564822	0.005993374110632903	0.010014359530131028	0.003968857664818503	0.004264946534699572	0.006526244003995878	0.5012692170496837	0.017736793394940317	0.0010748275779087864	0.003091034938950534	0.004023972408503745	0.14186879984727369	0.02421254862914897
72	73	0.005749263591353297	0.005855839328735858	0.015265158606415	0.00424201650400746	0.006013853188594175	0.00584022610832488	0.009237552222430627	0.5198936587145239	0.29451757204540624	0.013836330925926189	0.005483568657895883	0.005892659581267633	0.009016979215788853	0.02469222586764679	0.02450602479757036	0.0014850345657664936	0.004270725670497278	0.005559717894422908	0.005188346263877875	0.03345324624954845
73	74	0.004827968627858504	0.004917466057989859	0.012818982062658909	0.0035622514561704484	0.005050158870911177	0.1651500886745548	0.007757273887246101	0.1962143170041313	0.006953786743438708	0.011619117922425247	0.004604850174002503	0.0049483860221328484	0.007572046763928862	0.10085826895473765	0.020579038869279375	0.0012470641119306305	0.003586360101206878	0.004668796820237471	0.004356935909173201	0.4287068409659856
74	75	0.0036561907030052336	0.003723966551858308	0.2524139367561088	0.0026976709377654557	0.003824453996237939	0.003714037469567414	0.0058745354109301165	0.2092684357993626	0.005266059579454826	0.008799085950965653	0.0034872244814871264	0.0037473820489650066	0.06641081434212497	0.01570279136089236	0.015584378522363449	9.44393918755571E-4	0.0027159282651506474	0.0035356508801392566	0.36735878224447166	0.021274280780393534
75	76	0.003447036424091301	0.0035109351204799283	0.009152399589919896	0.002543349277445157	0.003605674128665613	0.003501574036473457	0.23436054702713213	0.4833247110798063	0.004964811919382456	0.008295729691221533	0.0032877360026074705	0.003533011121972042	0.005406232519734263	0.014804505064905714	0.014692866094008028	8.903693765111886E-4	0.002560562184980748	0.003333392144094908	0.06031624891874222	0.13446830827782555
76	77	0.1303300126082722	0.002613794372254471	0.09198956845769363	0.0018934533963005573	0.002684324951126251	0.0026068253033726253	0.004123245303864634	0.27464605884968707	0.003696165553868135	0.006175941974597113	0.0024476287844074802	0.002630229346551028	0.0040247910172857065	0.011021545740604233	0.01093843360556234	6.628554461110474E-4	0.0019062679312614066	0.002481618522634943	0.42819515107188627	0.014932087762658785
77	78	0.007105089044304326	0.007236798104435841	0.13677804559738757	0.005242394005679434	0.007432075730289712	0.007217502881747637	0.011416006597869639	0.05293323249537237	0.010233553242691667	0.017099296581743067	0.006776736355157388	0.007282301527389954	0.01114341675604768	0.030515293081284662	0.030285180970052283	0.0018352442284103232	0.35901677367924717	0.006870843556468181	0.006411892864501413	0.27716832269991976
78	79	0.0028051550467696664	0.0028571550051698195	0.007448108096648416	0.0020697457710224347	0.18914678352218034	0.0028495370723100265	0.00450714527605267	0.30021732773711535	0.14369970004994181	0.006750960868103284	0.0026755183599755307	0.0028751201785475336	0.004399524278523022	0.012047720705096727	0.19816940140887215	7.245714412977052E-4	0.0020837534194782445	0.0027126727557963627	0.0025314747663325917	0.10942862424076628
79	80	0.004469832808488713	0.004552691372889534	0.011868077655781403	0.0032980057780408628	0.30139314387671884	0.004540552690477388	0.007181843959293763	0.03330045517963562	0.006437959010276976	0.01075721871838097	0.004263265147822866	0.004581317712623007	0.0070103568729759265	0.019197262317875684	0.3157701008634047	0.0011545576434842855	0.003320326058237017	0.004322468270163921	0.004033741014581367	0.2485468230488473
80	81	0.0025662235549981953	0.002613794372254471	0.049401638773268974	0.0018934533963005573	0.002684324951126251	0.0026068253033726253	0.004123245303864634	0.019118480743139047	0.003696165553868135	0.006175941974597113	0.0024476287844074802	0.513685385559647	0.1317885800705597	0.011021545740604233	0.01093843360556234	6.628554461110474E-4	0.0019062679312614066	0.002481618522634943	0.0023158542276396563	0.22787173618478213
81	82	0.004161160422191204	0.004238297038614416	0.011048506095114282	0.0030702560260596383	0.3496367034465192	0.004226996614863656	0.07574269679535141	0.031000832038123365	0.005993374110632903	0.010014359530131028	0.003968857664818503	0.004264946534699572	0.006526244003995878	0.0178715606587925	0.3630208336741484	0.0010748275779087864	0.003091034938950534	0.07308078046434535	0.003755183735590446	0.02421254862914897
82	83	0.010994146245001469	0.01119794786660653	0.02919111004485447	0.008111882344185594	0.011500113084188872	0.011168091168296175	0.017664697133034923	0.08190688331222291	0.19828908158694108	0.026458805249884615	0.01048606570415099	0.011268358143449815	0.017242901914536594	0.04721821116565239	0.04686214438199078	0.0028397875546137563	0.008166782031762253	0.010631683630607246	0.009921520676242569	0.42887978676177707
83	84	0.0028051550467696664	0.0028571550051698195	0.007448108096648416	0.0020697457710224347	0.0029342524228474073	0.0028495370723100265	0.00450714527605267	0.1140047966377824	0.004040301725442111	0.6119416869409353	0.0026755183599755307	0.0028751201785475336	0.050952657053356255	0.012047720705096727	0.011956870309539224	7.245714412977052E-4	0.0020837534194782445	0.0027126727557963627	0.0025314747663325917	0.15598175701559952
84	85	0.005749263591353297	0.005855839328735858	0.015265158606415	0.00424201650400746	0.006013853188594175	0.00584022610832488	0.009237552222430627	0.042832271975851204	0.008280740002202656	0.3000731629691298	0.005483568657895883	0.005892659581267633	0.009016979215788853	0.02469222586764679	0.02450602479757036	0.0014850345657664936	0.004270725670497278	0.005559717894422908	0.005188346263877875	0.5105146329882211
85	86	0.003447036424091301	0.0035109351204799283	0.009152399589919896	0.002543349277445157	0.003605674128665613	0.003501574036473457	0.005538479576419754	0.025680576178381608	0.004964811919382456	0.008295729691221533	0.17490428659064172	0.003533011121972042	0.005406232519734263	0.5868596736916867	0.014692866094008028	8.903693765111886E-4	0.002560562184980748	0.003333392144094908	0.0031107320560641244	0.13446830827782555
86	87	0.0036561907030052336	0.003723966551858308	0.009707735623848376	0.0026976709377654557	0.003824453996237939	0.003714037469567414	0.0058745354109301165	0.08791533523323236	0.18729571042865015	0.008799085950965653	0.0034872244814871264	0.0037473820489650066	0.0057342640590598605	0.01570279136089236	0.4403202305038192	9.44393918755571E-4	0.0027159282651506474	0.0035356508801392566	0.0032994805460810415	0.20330393162958885
87	88	0.0025662235549981953	0.002613794372254471	0.1345774981421183	0.0018934533963005573	0.04527225463555092	0.0026068253033726253	0.004123245303864634	0.27464605884968707	0.13145995460714213	0.006175941974597113	0.0024476287844074802	0.002630229346551028	0.21696443943940905	0.011021545740604233	0.05352636328998701	6.628554461110474E-4	0.0019062679312614066	0.002481618522634943	0.0023158542276396563	0.10010794713150811
88	89	0.0021157058872108914	0.0021549253300893224	0.005617516994937095	0.0015610450188215826	0.0022130737952363983	0.002149179727749658	0.21406738888302032	0.015762103883742034	0.0030472790288258492	0.005091714152992864	0.0020179312199016058	0.0021684750349884384	0.003318212099440756	0.1144206432483429	0.2196861254051246	0.10588049015171645	0.14201694774595364	0.0020459538327922628	0.03702062503314019	0.11764466352597308
89	90	0.008054861681656984	0.008204176947794408	0.02138686793003445	0.005943170920615823	0.00842555830641879	0.008182302436595306	0.5476419618741504	0.060009081301381766	0.01160152326983603	0.019385044713828233	0.007682616453288047	0.008255763039911174	0.012633012770329227	0.03459442427987737	0.03433355193673106	0.0020805704643145468	0.005983393178892332	0.007789303432871215	0.007269002516240685	0.18054381254523225
90	91	0.0021157058872108914	0.0021549253300893224	0.040728851462258714	0.0015610450188215826	0.0022130737952363983	0.03726051419507128	0.0033993820790906124	0.015762103883742034	0.0030472790288258492	0.005091714152992864	0.0020179312199016058	0.0021684750349884384	0.003318212099440756	0.04419797431369966	0.07924078753583813	5.46486749751594E-4	0.0015716098766671643	0.0020459538327922628	0.5988019765102861	0.1527559979932947
91	92	0.40247170362744467	0.0022333409097511476	0.07859993451960785	0.001617849887333674	0.0022936053394457113	0.0022273862306830786	0.0035230821964458902	0.16189167448328592	0.003158166467986814	0.005276996543618762	0.0020913617207717772	0.0022473836748733134	0.0034389585223378047	0.26414029952038826	0.04573527977360405	5.663728565511747E-4	0.0016287991898003467	0.002120404048546647	0.0019787677418352983	0.012758632745687788
92	93	0.007105089044304326	0.007236798104435841	0.018865078883690052	0.005242394005679434	0.007432075730289712	0.007217502881747637	0.011416006597869639	0.05293323249537237	0.010233553242691667	0.4887511634365331	0.006776736355157388	0.007282301527389954	0.01114341675604768	0.030515293081284662	0.030285180970052283	0.0018352442284103232	0.005277873538154636	0.006870843556468181	0.006411892864501413	0.27716832269991976
93	94	0.005749263591353297	0.005855839328735858	0.015265158606415	0.00424201650400746	0.006013853188594175	0.00584022610832488	0.009237552222430627	0.042832271975851204	0.008280740002202656	0.013836330925926189	0.005483568657895883	0.005892659581267633	0.10442925656352338	0.21551678056311585	0.02450602479757036	0.0014850345657664936	0.004270725670497278	0.005559717894422908	0.005188346263877875	0.5105146329882211
