0	1	0.1807725608711355	0.007932130522037424	0.0012202501592950337	0.17777812382364094	9.505166606342769E-4	7.128385261398788E-4	0.0015503179724746803	0.0022645479813797227	4.4458769123734056E-4	0.0019893138239326824	0.0013866252549813263	0.004563305036542957	0.001062700222789523	0.09666057974568183	0.4090880996326608	0.0013877540084185202	0.002169565193549205	0.0014961556694803309	0.0020584285051922484	0.0015650842259216297	0.0018428407742435914	0.030847919967752928	7.27536964409129E-4	0.001265710723228488	0.001839852672992448	7.101961256402786E-4	0.0017018826840878786	0.0011763758946462446	0.0015614287773052635	0.06127276988856792
1	2	0.13127633283967777	0.46788045933271155	0.0017268263348900656	0.0024964066636555815	0.0013451153346157264	0.0010087672024347123	0.0021939189123886603	0.0032046552594820537	6.291543808034785E-4	0.00281516005006089	0.001962270595652896	0.006457721190375692	0.04301799585147028	0.012245998788238706	0.16377619508464908	0.001963867941202164	0.003070241198449051	0.0021172716032639713	0.08594121694755316	0.002214815246739139	0.002607879995534276	0.04365416400164339	0.0010295675687298994	0.0017911594541289888	0.0026036514101966815	0.0010050278324905426	0.002408404387731597	0.0016647380532026164	0.002209642270617402	0.0036813742674100167
2	3	0.010082481081998036	0.016806862668794907	0.0025855067301110124	0.0037377680080298253	0.0020139863981434437	0.0015103860407458113	0.003284865419694815	0.004798199780526273	9.420072261926557E-4	0.004215024469287737	0.002938027831086151	0.009668882887380678	0.002251684670707313	0.018335435153030703	0.3695302420027056	0.002940419471510264	0.004596947082208753	0.06532751273422757	0.004361466960759585	0.0033161526499195333	0.0039046724870599138	0.0032041933280759	0.001541529581910537	0.0026818300889807157	0.003898341198482539	0.06366219544275725	0.0036060057850029028	0.0024925444750651697	0.0033084073634901913	0.37845642098211435
3	4	0.020055031139189484	0.033430477224160364	0.005142823235794735	0.007434782488800805	0.004006013956305551	0.003004304082795428	0.006533915386922922	0.00954408396384882	0.0018737435856305534	0.008384091802060635	0.005844021839569029	0.01923234428218425	0.004478818836297974	0.03647095590401544	0.7350314322402742	0.005848779043950495	0.00914377285998668	0.006305644857128919	0.00867538009734067	0.00659614871732173	0.007766771658628763	0.006373450785370675	0.0030662516017407773	0.005334419723390663	0.007754178112601966	0.0029931675149498065	0.007172694668919659	0.004957912309153631	0.006580742592652701	0.010963845489012858
4	5	0.013418789883897853	0.022368279883287708	0.0034410549618297047	0.004974601303647397	0.25085659384439496	0.002010175150293862	0.004371832538567141	0.006385931612686699	0.0012537188946441056	0.005609782676393739	0.0039102258479592825	0.17831911552383461	0.002996770659452356	0.3553042276513014	0.07818141828333104	0.003913408885950428	0.006118084080881054	0.004219097085067588	0.005804683217952289	0.004413472762339467	0.005196734736536751	0.004264465925317394	0.002051624138070902	0.00356925187120865	0.00518830841464007	0.0020027236902132968	0.004799238754384554	0.003317331350800991	0.004403164548484098	0.007335891822630732
5	6	0.020055031139189484	0.033430477224160364	0.005142823235794735	0.007434782488800805	0.004006013956305551	0.003004304082795428	0.006533915386922922	0.00954408396384882	0.0018737435856305534	0.008384091802060635	0.005844021839569029	0.01923234428218425	0.004478818836297974	0.4073822664269704	0.36412012171731917	0.005848779043950495	0.00914377285998668	0.006305644857128919	0.00867538009734067	0.00659614871732173	0.007766771658628763	0.006373450785370675	0.0030662516017407773	0.005334419723390663	0.007754178112601966	0.0029931675149498065	0.007172694668919659	0.004957912309153631	0.006580742592652701	0.010963845489012858
6	7	0.011513819430790872	0.09017426851277076	0.0029525527878990513	0.004268392429268401	0.0022998977668001954	0.0017248048374704408	0.0037511944717996087	0.005479366181453021	0.0010757373127382103	0.004813401606316406	0.0033551188100082643	0.011041505633125738	0.0025713403777065332	0.020938386873237284	0.06708255667953926	0.0033578499746653233	0.005249543064549323	0.003620141787653772	0.004980633499943511	0.003786923328255405	0.004458991153740477	0.003659069935343713	0.0017603696063492327	0.003062550491041109	0.7142663082662575	0.0017184112083425023	0.0041179248577060505	0.0028463933406586255	0.003778078498430093	0.006294467276139411
7	8	0.4633893322841147	0.011225085096610694	0.0017268263348900656	0.3346094061080926	0.0013451153346157264	0.0010087672024347123	0.0021939189123886603	0.0032046552594820537	6.291543808034785E-4	0.00281516005006089	0.001962270595652896	0.006457721190375692	0.001503870920915648	0.05376012371879334	0.03923382029298521	0.001963867941202164	0.003070241198449051	0.0021172716032639713	0.044427092016998536	0.002214815246739139	0.002607879995534276	0.0021400390710887597	0.0010295675687298994	0.0017911594541289888	0.0026036514101966815	0.0010050278324905426	0.002408404387731597	0.0016647380532026164	0.002209642270617402	0.0036813742674100167
8	9	0.01462897780859302	0.024385587140139504	0.0037513901857246525	0.005423241045377833	0.0029221539902369005	0.002191464947246945	0.00476611093421533	0.006961853688557056	0.001366786874721885	0.00611570692991248	0.004262873750264514	0.19440101577090685	0.27382524783171763	0.0266034393502108	0.17541836321850143	0.004266343853942959	0.006669850040480481	0.004599600870404618	0.006328184785368293	0.004811506526126426	0.005665407819610161	0.004649061348060091	0.0022366520563398876	0.0038911486705553314	0.1860283616965862	0.002183341469265446	0.005232063236959891	0.003616508428442654	0.004800268654974023	0.007997487076556785
9	10	0.01462897780859302	0.024385587140139504	0.27430960038931923	0.005423241045377833	0.0029221539902369005	0.002191464947246945	0.00476611093421533	0.09714792375642192	0.001366786874721885	0.00611570692991248	0.004262873750264514	0.28458708583877174	0.003267037628123048	0.0266034393502108	0.08523229315063659	0.004266343853942959	0.006669850040480481	0.004599600870404618	0.006328184785368293	0.004811506526126426	0.005665407819610161	0.004649061348060091	0.0022366520563398876	0.0038911486705553314	0.005656221560856492	0.002183341469265446	0.005232063236959891	0.003616508428442654	0.09498633872283888	0.007997487076556785
10	11	0.017848316931315108	0.13978497171506268	0.004576943231707472	0.006616711450335421	0.0035652204290869357	0.002673731646469228	0.005814969411855514	0.00849392026487476	0.001667570054229518	0.0074615654608485805	0.005200986885646424	0.017116152734852515	0.0039860011940834545	0.3625567944981947	0.21402196265943252	0.00520522064080333	0.008137656572075287	0.005611816161503231	0.0077208024461445654	0.005870355025417521	0.00691217087294757	0.005672161203536898	0.0027288628972547066	0.004747457792856995	0.006900963031921776	0.11269676893660815	0.006383461926033502	0.004412378599528748	0.0058566440820703	0.009757461243302738
11	12	0.007691929174083519	0.10766178995275769	0.0019724842015958525	0.0028515448284107433	0.0015364710933845874	0.0011522741631208614	0.002506025248071333	0.0036605486858595003	7.186577199024981E-4	0.0032156439889263117	0.0022414227018537035	0.05479630851294975	0.0017178112082326838	0.01398811140096527	0.23449486771715533	0.002243247285366684	0.0035070129153520293	0.002418474112622088	0.003327365028947799	0.002529894289528943	0.050398789907837076	0.0024444804745169546	0.001176033584132515	0.0020459693336987495	0.0029740461847905892	0.0011480028313779003	0.0027510233715292154	0.0019015632570525067	0.47672312120971594	0.00420508561626149
12	13	0.008074837259083902	0.013460246518944853	0.0020706754526114424	0.0029934961575023293	0.00161295739359762	0.0012096349478096515	0.0026307764394804677	0.05362327324949607	7.544328609718897E-4	0.0033757203565027813	0.0023530018460474547	0.4059876005053542	0.0018033247101448932	0.014684446589198956	0.047046137154275636	0.0023549172582411296	0.10324259500898972	0.0025388669646789278	0.0034930029258260485	0.0026558336937710977	0.003127166282446721	0.0025661679362881606	0.0012345771246936475	0.10170881994641773	0.05290259631024877	0.0012051509870342223	0.0028879706921744364	0.001996224027944462	0.15199113251684432	0.004414416883378518
13	14	0.008967667182517998	0.07023323870157262	0.0022996287982323892	0.0033244852362105588	0.0017913011273500451	0.0013433835600954458	0.0029216598160328824	0.1701217680427464	8.378500509270116E-4	0.003748971736156374	0.002613171852035312	0.0638845010729392	0.0020027172441645993	0.18216219940133144	0.2733868035058431	0.002615299050208984	0.00408866539432435	0.0028195879656048102	0.11444862372932978	0.0029494876359351728	0.003472935186876549	0.0028499075893068924	0.0013710835785511175	0.002385301740955587	0.058752004725261577	0.0013384038104604572	0.0032072918833319836	0.0022169453240946653	0.0029425987411912367	0.004902516316411571
14	15	0.00646554654115985	0.6485280111112482	0.0016579960785507407	0.08211569529166719	0.001291499848555021	9.68558350086682E-4	0.002106470627592252	0.00307691963341902	6.040766665986685E-4	0.0027029494681587705	0.001884055673065149	0.006200320318081405	0.0014439275329232064	0.011757880661537103	0.11738877776837311	0.001885589349384109	0.0029478632357998664	0.0020328784339868127	0.002796857975054477	0.0021265340466571367	0.002503931471604538	0.0020547384042741155	9.885296263250855E-4	0.00171976491845314	0.002499871435128435	9.649680291734451E-4	0.002312406841234326	0.0015983825983287713	0.0021215672622440286	0.08325343080133535
15	16	0.017848316931315108	0.029752023246474003	0.004576943231707472	0.006616711450335421	0.0035652204290869357	0.002673731646469228	0.005814969411855514	0.00849392026487476	0.001667570054229518	0.0074615654608485805	0.005200986885646424	0.017116152734852515	0.0039860011940834545	0.03245794909242874	0.7641867050023758	0.00520522064080333	0.008137656572075287	0.005611816161503231	0.0077208024461445654	0.005870355025417521	0.00691217087294757	0.005672161203536898	0.0027288628972547066	0.004747457792856995	0.006900963031921776	0.0026638204680194807	0.006383461926033502	0.004412378599528748	0.0058566440820703	0.009757461243302738
16	17	0.011513819430790872	0.09017426851277076	0.0029525527878990513	0.004268392429268401	0.0022998977668001954	0.0017248048374704408	0.0037511944717996087	0.005479366181453021	0.0010757373127382103	0.004813401606316406	0.0033551188100082643	0.011041505633125738	0.0025713403777065332	0.020938386873237284	0.7768971038887806	0.0033578499746653233	0.005249543064549323	0.003620141787653772	0.004980633499943511	0.003786923328255405	0.004458991153740477	0.003659069935343713	0.0017603696063492327	0.003062550491041109	0.004451761057016142	0.0017184112083425023	0.0041179248577060505	0.0028463933406586255	0.003778078498430093	0.006294467276139411
17	18	0.026643209686847028	0.04441255705029364	0.17108478006686897	0.009877145911687866	0.00532200967954209	0.0039912330768988365	0.00868033943810367	0.012679363524936172	0.0024892777729866463	0.011138308106616306	0.0077638123922875064	0.025550266061595224	0.005950133339444408	0.04845184826123915	0.15523038507648348	0.007770132362223176	0.012147548211055625	0.3368821079811033	0.011525286071228125	0.008763016730391	0.010318195192743533	0.008467161408271617	0.004073530667233447	0.007086803419129167	0.010301464603538054	0.003976438090531407	0.00952896092543687	0.006586611426578851	0.008742549616320228	0.014565523848384661
18	19	0.010082481081998036	0.2654364955020273	0.0025855067301110124	0.0037377680080298253	0.0020139863981434437	0.0015103860407458113	0.003284865419694815	0.004798199780526273	9.420072261926557E-4	0.004215024469287737	0.002938027831086151	0.3204559239289212	0.002251684670707313	0.018335435153030703	0.05874320096116508	0.002940419471510264	0.004596947082208753	0.0031701045259194724	0.004361466960759585	0.0033161526499195333	0.0039046724870599138	0.0032041933280759	0.001541529581910537	0.0026818300889807157	0.003898341198482539	0.0015047872344491485	0.0036060057850029028	0.06464995268337326	0.1897806319884145	0.005511971732265741
19	20	0.03220468912590071	0.42314101268751786	0.0011526241428961134	0.0016663045570238797	8.978392200374763E-4	6.733331595629405E-4	0.0014643996647969472	0.002139047191432356	4.1994873153768016E-4	0.0018790664551820069	0.0013097787645152252	0.0043104075967156895	0.0010038055919254555	0.008173974169845563	0.16473733117850906	0.0013108449626658063	0.002049328330443817	0.11225283348715066	0.0019443508148204998	0.0014783475754720089	0.0017407109122064546	0.001428435882775039	6.872170133637002E-4	0.05661536252234366	0.029447787026295396	6.708372003632306E-4	0.0016075646908252051	0.139660674457971	0.001474894711076749	0.002457248174827849
20	21	0.007025620536688639	0.01171126814549813	0.0018016189698830476	0.002604531510153667	0.0014033752292054054	0.001052459121905812	0.0022889423511115426	0.0033434559056489655	6.564044365890048E-4	0.002937090804657839	0.0020472608378404355	0.006737419255038901	0.001569006868052894	0.012776399847677927	0.3441184720463097	0.002048927367927958	0.0032032200769016054	0.0022089752789633634	0.0030391340782490433	0.0023107437515223358	0.0027208329964646862	0.002232728855742091	0.0010741603976744092	0.5649272437239699	0.0027164212618240604	0.0010485577916500074	0.0025127176626959687	0.001736841508574136	0.002305346722461931	0.003840822659116692
21	22	0.011513819430790872	0.09017426851277076	0.0029525527878990513	0.004268392429268401	0.0022998977668001954	0.0017248048374704408	0.07473264919272374	0.005479366181453021	0.0010757373127382103	0.004813401606316406	0.0033551188100082643	0.011041505633125738	0.0025713403777065332	0.020938386873237284	0.42198983028416	0.0033578499746653233	0.005249543064549323	0.003620141787653772	0.07596208822086765	0.2167312874910278	0.004458991153740477	0.003659069935343713	0.0017603696063492327	0.003062550491041109	0.004451761057016142	0.0017184112083425023	0.0041179248577060505	0.0028463933406586255	0.003778078498430093	0.006294467276139411
22	23	0.008497865245168617	0.014165407600762004	0.002179154873118383	0.003150320699004508	0.001697457687035294	0.0012730058145468048	0.0027685986671396787	0.004044089428257044	7.939564084531767E-4	0.0035525690208384093	0.002476271900941415	0.16531453787239767	0.0018977980469952688	0.015453741581541891	0.3638413451671671	0.002478287658558387	0.2134281567320237	0.002671874199938922	0.00367599583895726	0.0027949686314552016	0.003290993590932384	0.002700605426383944	0.0012992546727318929	0.002260339545519925	0.10806250239497207	0.0012682869461397228	0.055427689437989654	0.002100803055758958	0.0027884406350397856	0.004645681220231028
23	24	0.009492454700293048	0.015823325750884167	0.0024342029817146916	0.00351903397664462	0.0018961279962644339	0.0014219983112423932	0.0030926352293073624	0.0045174093250642386	8.868810017355837E-4	0.003968361409254602	0.0027660945622383225	0.009103060255156115	0.002119916175612379	0.7195019568162253	0.05530555123675651	0.0027683462439623595	0.06284789314148918	0.0029845901383552353	0.06262619330714318	0.0031220915320953786	0.003676171212369059	0.0030166840651997787	0.001451319333648347	0.002524889501551884	0.003670210430541011	0.001416727146861864	0.0033949824735353164	0.00234668087404267	0.0031147994995119905	0.005189411371299069
24	25	0.008074837259083902	0.013460246518944853	0.0020706754526114424	0.0029934961575023293	0.00161295739359762	0.0012096349478096515	0.0026307764394804677	0.00384277263197639	7.544328609718897E-4	0.0033757203565027813	0.1516945036986065	0.007743595565196761	0.0018033247101448932	0.014684446589198956	0.29594864024187406	0.0023549172582411296	0.0036815937739503608	0.0025388669646789278	0.0034930029258260485	0.15199733554633013	0.2520296693700451	0.0025661679362881606	0.0012345771246936475	0.0021478187113783665	0.003122095692729089	0.0012051509870342223	0.0028879706921744364	0.001996224027944462	0.0026496306642852705	0.05419491750089819
25	26	0.005988176345299064	0.009981913841788566	0.0015355813827913625	0.002219931164548667	0.0011961446404942513	8.970468566127618E-4	0.0019509437452680362	0.002849741664982396	5.594759209674403E-4	0.0025033828099029483	0.0017449503368127252	0.005742532549359973	0.03825377932907146	0.19547206789938504	0.034888698880959274	0.5185768273756738	0.002730213878350163	0.0018827850783801933	0.0025903577772990296	0.0019695258234706027	0.0023190588936387747	0.001903031063178237	9.155435951630016E-4	0.0015927896487322895	0.0023152986215206357	8.937216195847996E-4	0.002141675086434858	0.0014803693400268982	0.14963077049365028	0.003273664336652533
26	27	0.008497865245168617	0.014165407600762004	0.002179154873118383	0.003150320699004508	0.001697457687035294	0.0012730058145468048	0.0027685986671396787	0.004044089428257044	7.939564084531767E-4	0.05594099153781534	0.002476271900941415	0.008149270321466878	0.0018977980469952688	0.2250074316494496	0.20667607761623627	0.002478287658558387	0.0038744666641159437	0.002671874199938922	0.3703949534577958	0.0027949686314552016	0.003290993590932384	0.002700605426383944	0.0012992546727318929	0.002260339545519925	0.0032856573610182144	0.0012682869461397228	0.003039266921012717	0.002100803055758958	0.0027884406350397856	0.05703410373720796
27	28	0.026643209686847028	0.04441255705029364	0.006832266522185311	0.009877145911687866	0.00532200967954209	0.0039912330768988365	0.00868033943810367	0.012679363524936172	0.0024892777729866463	0.011138308106616306	0.0077638123922875064	0.3540552931509625	0.005950133339444408	0.04845184826123915	0.31948289862116713	0.007770132362223176	0.012147548211055625	0.008377080891735984	0.011525286071228125	0.008763016730391	0.010318195192743533	0.008467161408271617	0.004073530667233447	0.007086803419129167	0.010301464603538054	0.003976438090531407	0.00952896092543687	0.006586611426578851	0.008742549616320228	0.014565523848384661
28	29	0.01607908752252697	0.026802828949825462	0.004123249889133348	0.005960824369640464	0.0032118149591915677	0.002408695751020663	0.0052385556842054985	0.007651953283542662	0.0015022707718091726	0.0067219315166659	0.004685434691665461	0.015419499717072464	0.0035908854773928807	0.029240527623263807	0.2919326958493351	0.004689248772285992	0.007331004528561129	0.0050555401704475015	0.006955471418029756	0.00528845115229806	0.00622699612879389	0.005109903459498443	0.0024583620702605903	0.004276862051173013	0.006216899274424608	0.002399767026460351	0.005750695900369608	0.003974997864357184	0.5009052994256663	0.008790244701082268
29	30	0.005391113813742585	0.008986648104025913	0.001382473315334371	0.03523422378576901	0.0010768807601441238	8.076050906643596E-4	0.0017564211820859333	0.0025656027427691107	5.036923083188336E-4	0.0022537782572399326	0.0015709667388921962	0.005169962400493539	0.0012039782900378155	0.009803977506189034	0.16435259503703403	0.0015722455516787592	0.0024579927018348663	0.0016950584049403015	0.002332081219801635	0.0017731504987775742	0.002087832708232342	0.0017132857252501387	8.242575766563036E-4	0.30055469330992424	0.03532008244874353	8.046114027297201E-4	0.3010488510792898	0.001332766294487178	0.0017690090855360286	0.10265416265937682
30	31	0.020055031139189484	0.033430477224160364	0.005142823235794735	0.007434782488800805	0.004006013956305551	0.003004304082795428	0.006533915386922922	0.00954408396384882	0.0018737435856305534	0.008384091802060635	0.005844021839569029	0.01923234428218425	0.004478818836297974	0.03647095590401544	0.48775722522497084	0.005848779043950495	0.00914377285998668	0.006305644857128919	0.00867538009734067	0.00659614871732173	0.007766771658628763	0.006373450785370675	0.0030662516017407773	0.005334419723390663	0.007754178112601966	0.0029931675149498065	0.007172694668919659	0.25223211932445694	0.006580742592652701	0.010963845489012858
31	32	0.010750717839265608	0.01792077137026418	0.002756866400332232	0.003985496117092575	0.0021474674063329154	0.0016104899201264784	0.0035025764967863923	0.0051162101428552115	0.0010044406539406656	0.004494383712340453	0.0031327515478618063	0.010309707590597754	0.0024009196110464604	0.3509357317263684	0.3277445879347196	0.0031353016990759287	0.004901619016285624	0.003380209593449129	0.0046505319751231015	0.003535937351260858	0.004163462526904724	0.00341655769968229	0.0016436975622588618	0.0028595737839728955	0.004156711619414717	0.0016045200416568233	0.20267604827670938	0.0026577428844464326	0.0035276787303610063	0.005877288769467646
32	33	0.006217712279321854	0.010364535826327922	0.0015944425596576257	0.0023050245124960757	0.001241994689232001	9.314320310334284E-4	0.0020257263951055896	0.002958976610160472	5.809214864747649E-4	0.002599341291810176	0.0018118369450700323	0.08262570349661782	0.0013885795879364261	0.011307183159635189	0.2662151886742454	0.0018133118332361287	0.002834867141132088	0.0019549551025427976	0.04102117559970942	0.3470287498686483	0.002407951958657328	0.001975977146822536	9.506377777882842E-4	0.1933114709923322	0.0024040475495727665	9.279793325976772E-4	0.002223768759531857	0.0015371141550703847	0.0020402443527218917	0.0033991488845116708
33	34	0.01607908752252697	0.026802828949825462	0.004123249889133348	0.005960824369640464	0.0032118149591915677	0.002408695751020663	0.0052385556842054985	0.007651953283542662	0.0015022707718091726	0.0067219315166659	0.004685434691665461	0.015419499717072464	0.0035908854773928807	0.029240527623263807	0.7875618959572739	0.004689248772285992	0.007331004528561129	0.0050555401704475015	0.006955471418029756	0.00528845115229806	0.00622699612879389	0.005109903459498443	0.0024583620702605903	0.004276862051173013	0.006216899274424608	0.002399767026460351	0.005750695900369608	0.003974997864357184	0.0052760993177276205	0.008790244701082268
34	35	0.006733958048013876	0.1772815848188292	0.0017268263348900656	0.0024964066636555815	0.0013451153346157264	0.0010087672024347123	0.0021939189123886603	0.0032046552594820537	6.291543808034785E-4	0.00281516005006089	0.001962270595652896	0.006457721190375692	0.001503870920915648	0.012245998788238706	0.20529032001520373	0.16802036766342066	0.003070241198449051	0.0021172716032639713	0.0029129670864439065	0.002214815246739139	0.044122004926088906	0.0021400390710887597	0.0010295675687298994	0.0017911594541289888	0.04411777634075131	0.0010050278324905426	0.1684649041099501	0.0016647380532026164	0.12675201706228129	0.0036813742674100167
35	36	0.2274869434588762	0.009981913841788566	0.0015355813827913625	0.002219931164548667	0.0011961446404942513	8.970468566127618E-4	0.0019509437452680362	0.002849741664982396	5.594759209674403E-4	0.11325276636669153	0.0017449503368127252	0.005742532549359973	0.00133731814347526	0.38005437382736607	0.21947100480894025	0.0017463707773270848	0.002730213878350163	0.0018827850783801933	0.0025903577772990296	0.0019695258234706027	0.0023190588936387747	0.001903031063178237	9.155435951630016E-4	0.0015927896487322895	0.0023152986215206357	8.937216195847996E-4	0.002141675086434858	0.0014803693400268982	0.0019649257512655022	0.003273664336652533
36	37	0.012393530236075251	0.020659236448375876	0.003178141925048556	0.23380884880698521	0.0024756209426468547	0.001856588166334518	0.004037803648658871	0.00589801593229447	0.0011579287821590907	0.005181168482347644	0.003611465914278806	0.011885129408055988	0.002767803065690262	0.40456206432881753	0.22501753832975482	0.0036144057529622618	0.0056506332314091405	0.003896737913414082	0.005361177691503819	0.00407626236042233	0.004799679378199067	0.003938640357544783	0.0018948702534462539	0.0032965439781625925	0.004791896867547288	0.0018497060333992515	0.004432553987895938	0.0030638713889221372	0.004066741743347183	0.006775394644300197
37	38	0.06425236796269129	0.2360873410420925	0.0022996287982323892	0.0033244852362105588	0.0017913011273500451	0.0013433835600954458	0.22406046293672605	0.004267665702226497	8.378500509270116E-4	0.003748971736156374	0.002613171852035312	0.00859980029276592	0.0020027172441645993	0.016308097060811558	0.1628174019454965	0.05789999983038228	0.00408866539432435	0.0028195879656048102	0.003879222168983174	0.0029494876359351728	0.003472935186876549	0.0028499075893068924	0.0013710835785511175	0.002385301740955587	0.16932140628560816	0.0013384038104604572	0.0032072918833319836	0.0022169453240946653	0.0029425987411912367	0.004902516316411571
38	39	0.2905922290842442	0.009626536192101128	0.0014809113754791774	0.002140896829827957	0.0011535593128944987	8.65110054851565E-4	0.0018814859425004726	0.0027482847188326433	5.395573721799566E-4	0.0024142569856019204	0.0016828263434236282	0.005538086012053507	0.0012897067348571056	0.1529106853338007	0.3540659863105517	0.0016841962131937884	0.002633012379057493	0.0018157538710760193	0.0024981354566762782	0.14430802882111093	0.002236495398083655	0.001835279055173198	8.829482696380203E-4	0.0015360829038350067	0.002232868999758529	8.619032034296479E-4	0.002065426836783067	0.0014276650004516893	0.0018949701589449479	0.0031571148295875926
39	40	0.017848316931315108	0.13978497171506268	0.004576943231707472	0.006616711450335421	0.0035652204290869357	0.002673731646469228	0.005814969411855514	0.00849392026487476	0.001667570054229518	0.0074615654608485805	0.005200986885646424	0.017116152734852515	0.0039860011940834545	0.582622691435372	0.10398901419084386	0.00520522064080333	0.008137656572075287	0.005611816161503231	0.0077208024461445654	0.005870355025417521	0.00691217087294757	0.005672161203536898	0.0027288628972547066	0.004747457792856995	0.006900963031921776	0.0026638204680194807	0.006383461926033502	0.004412378599528748	0.0058566440820703	0.009757461243302738
40	41	0.008074837259083902	0.3121432502240629	0.0020706754526114424	0.0029934961575023293	0.00161295739359762	0.10077063618284902	0.0026307764394804677	0.00384277263197639	7.544328609718897E-4	0.15271722220906184	0.0023530018460474547	0.10730459680023612	0.0018033247101448932	0.014684446589198956	0.146607138389315	0.0023549172582411296	0.0036815937739503608	0.0025388669646789278	0.10305400416086541	0.0026558336937710977	0.003127166282446721	0.0025661679362881606	0.0012345771246936475	0.0021478187113783665	0.003122095692729089	0.0012051509870342223	0.0028879706921744364	0.001996224027944462	0.0026496306642852705	0.004414416883378518
41	42	0.08288076319397439	0.048696061283654196	0.0015944425596576257	0.0023050245124960757	0.001241994689232001	9.314320310334284E-4	0.0020257263951055896	0.002958976610160472	5.809214864747649E-4	0.002599341291810176	0.0018118369450700323	0.00596265258196529	0.0013885795879364261	0.011307183159635189	0.34287823958889796	0.0018133118332361287	0.4244816471717211	0.0019549551025427976	0.0026896501423831504	0.0020450207527118276	0.002407951958657328	0.001975977146822536	9.506377777882842E-4	0.001653843705700837	0.0024040475495727665	9.279793325976772E-4	0.002223768759531857	0.0015371141550703847	0.0020402443527218917	0.041730674341837935
42	43	0.01607908752252697	0.026802828949825462	0.004123249889133348	0.005960824369640464	0.0032118149591915677	0.002408695751020663	0.0052385556842054985	0.007651953283542662	0.0015022707718091726	0.0067219315166659	0.004685434691665461	0.015419499717072464	0.0035908854773928807	0.029240527623263807	0.6884360559356861	0.004689248772285992	0.007331004528561129	0.0050555401704475015	0.006955471418029756	0.1044142911738858	0.00622699612879389	0.005109903459498443	0.0024583620702605903	0.004276862051173013	0.006216899274424608	0.002399767026460351	0.005750695900369608	0.003974997864357184	0.0052760993177276205	0.008790244701082268
43	44	0.35653834158172165	0.1628017483715039	0.0020706754526114424	0.0029934961575023293	0.00161295739359762	0.0012096349478096515	0.15197227829203952	0.00384277263197639	7.544328609718897E-4	0.0033757203565027813	0.0023530018460474547	0.007743595565196761	0.15114482656270395	0.014684446589198956	0.047046137154275636	0.0023549172582411296	0.0036815937739503608	0.05231936758219861	0.0034930029258260485	0.0026558336937710977	0.003127166282446721	0.0025661679362881606	0.0012345771246936475	0.0021478187113783665	0.003122095692729089	0.0012051509870342223	0.0028879706921744364	0.001996224027944462	0.0026496306642852705	0.004414416883378518
44	45	0.00646554654115985	0.010777659973991379	0.0016579960785507407	0.002396901399510098	0.001291499848555021	0.35970313086479366	0.002106470627592252	0.00307691963341902	0.27961985528914857	0.0027029494681587705	0.0417434526191437	0.006200320318081405	0.0014439275329232064	0.011757880661537103	0.15724817471445166	0.04174498629546266	0.0029478632357998664	0.0020328784339868127	0.002796857975054477	0.0021265340466571367	0.002503931471604538	0.0020547384042741155	9.885296263250855E-4	0.00171976491845314	0.002499871435128435	9.649680291734451E-4	0.002312406841234326	0.0015983825983287713	0.0021215672622440286	0.04339403385525679
45	46	0.008497865245168617	0.27610752018564666	0.002179154873118383	0.003150320699004508	0.001697457687035294	0.0012730058145468048	0.0027685986671396787	0.004044089428257044	7.939564084531767E-4	0.0035525690208384093	0.002476271900941415	0.3224798054233285	0.0018977980469952688	0.015453741581541891	0.31145292265019014	0.002478287658558387	0.0038744666641159437	0.002671874199938922	0.00367599583895726	0.0027949686314552016	0.003290993590932384	0.002700605426383944	0.0012992546727318929	0.002260339545519925	0.0032856573610182144	0.0012682869461397228	0.003039266921012717	0.002100803055758958	0.0027884406350397856	0.004645681220231028
46	47	0.005988176345299064	0.04689837502738476	0.0015355813827913625	0.039136392350144864	0.0011961446404942513	8.970468566127618E-4	0.0019509437452680362	0.002849741664982396	5.594759209674403E-4	0.0025033828099029483	0.22324371745038987	0.005742532549359973	0.00133731814347526	0.01088976197140409	0.14563808243774787	0.0017463707773270848	0.07656313624954254	0.0018827850783801933	0.0025903577772990296	0.0019695258234706027	0.0023190588936387747	0.07573595343437062	9.155435951630016E-4	0.14925863439111708	0.0023152986215206357	8.937216195847996E-4	0.1867239810144158	0.0014803693400268982	0.0019649257512655022	0.003273664336652533
47	48	0.030513629941754553	0.03335396224766524	0.0010921001727657682	0.29038226318123483	8.506939346724982E-4	6.37976624400696E-4	0.0013875044495463274	0.21206560337573	3.978973415503079E-4	0.00178039720319097	0.001241002649326716	0.004084069304011069	9.510960421239766E-4	0.007744761081128807	0.103577300932379	0.08000659171862043	0.0019417186751858574	0.001339030241199005	0.0018422534994342171	0.0014007199593478856	0.0016493066709320767	0.001353429115621124	6.511314409364372E-4	0.0011327864938021344	0.21168550933015293	6.356117273177923E-4	0.0015231519202531492	0.0010528335587539372	0.0013974484038925875	0.0023282187630697003
48	49	0.013418789883897853	0.18781906400906676	0.4170680152762773	0.004974601303647397	0.002680417655726416	0.002010175150293862	0.004371832538567141	0.006385931612686699	0.0012537188946441056	0.005609782676393739	0.0039102258479592825	0.09559372346094511	0.002996770659452356	0.10712805146263282	0.07818141828333104	0.003913408885950428	0.006118084080881054	0.004219097085067588	0.005804683217952289	0.004413472762339467	0.005196734736536751	0.004264465925317394	0.002051624138070902	0.00356925187120865	0.00518830841464007	0.0020027236902132968	0.004799238754384554	0.003317331350800991	0.004403164548484098	0.007335891822630732
49	50	0.01607908752252697	0.026802828949825462	0.004123249889133348	0.005960824369640464	0.0032118149591915677	0.002408695751020663	0.0052385556842054985	0.007651953283542662	0.0015022707718091726	0.0067219315166659	0.004685434691665461	0.015419499717072464	0.0035908854773928807	0.029240527623263807	0.7875618959572739	0.004689248772285992	0.007331004528561129	0.0050555401704475015	0.006955471418029756	0.00528845115229806	0.00622699612879389	0.005109903459498443	0.0024583620702605903	0.004276862051173013	0.006216899274424608	0.002399767026460351	0.005750695900369608	0.003974997864357184	0.0052760993177276205	0.008790244701082268
50	51	0.010082481081998036	0.078964270877103	0.06474291493841912	0.0037377680080298253	0.0020139863981434437	0.0015103860407458113	0.003284865419694815	0.004798199780526273	9.420072261926557E-4	0.004215024469287737	0.002938027831086151	0.009668882887380678	0.002251684670707313	0.018335435153030703	0.4316876502110137	0.002940419471510264	0.004596947082208753	0.06532751273422757	0.004361466960759585	0.0033161526499195333	0.2525343053202923	0.0032041933280759	0.001541529581910537	0.0026818300889807157	0.003898341198482539	0.0015047872344491485	0.0036060057850029028	0.0024925444750651697	0.0033084073634901913	0.005511971732265741
51	52	0.01462897780859302	0.024385587140139504	0.0037513901857246525	0.0956093111132427	0.0029221539902369005	0.002191464947246945	0.00476611093421533	0.006961853688557056	0.001366786874721885	0.00611570692991248	0.004262873750264514	0.014028875635177145	0.003267037628123048	0.6579059298252649	0.08523229315063659	0.004266343853942959	0.006669850040480481	0.004599600870404618	0.006328184785368293	0.004811506526126426	0.005665407819610161	0.004649061348060091	0.0022366520563398876	0.0038911486705553314	0.005656221560856492	0.002183341469265446	0.005232063236959891	0.003616508428442654	0.004800268654974023	0.007997487076556785
52	53	0.0050550952140113485	0.257739459553535	0.0012963061959535306	0.0018740201955064757	0.0010097606848493426	7.57268492128988E-4	0.032811063221492395	0.0024056932563668153	4.7229805659570166E-4	0.0021133042401320036	0.0014730511574252848	0.004847727777650177	0.0011289364502432176	0.009192912908549011	0.27876525481869324	0.0014742502640700923	0.002304790359173364	0.12624587508388554	0.0021867267173721534	0.0016626331607475014	0.0019577017840242553	0.0016064996527931725	0.03193699972677058	0.2194934169172989	0.0019545274397010947	7.54461395474478E-4	0.001807958025134528	0.0012496973259002067	0.0016587498744768214	0.0027635600500448146
53	54	0.005576450694095155	0.21556489481084254	0.0014300002829123143	0.0020672966141201078	0.001113902000557941	8.353691136903689E-4	0.0018168038105593233	0.0026538035904968504	5.210083517760187E-4	0.0023312591351502656	0.0016249737742810117	0.005347696489580107	0.27627110460829685	0.010141020771981715	0.3075156120530838	0.0016262965503710046	0.0025424941082281406	0.0017533314905476235	0.0024122540139476364	0.13934697609702343	0.00215960867405511	0.0017721854336296978	8.525940824586911E-4	0.0014832751124962335	0.002156106944838394	8.322725081023977E-4	0.0019944211448701924	0.0013785844233179306	0.0018298244636853155	0.0030485788510039033
54	55	0.30209225077551805	0.015823325750884167	0.0024342029817146916	0.00351903397664462	0.0018961279962644339	0.1769818759563774	0.0030926352293073624	0.0045174093250642386	8.868810017355837E-4	0.12100827983934462	0.0027660945622383225	0.06762301947020112	0.002119916175612379	0.017262446235685243	0.23086542888189152	0.0027683462439623595	0.0043279339264441765	0.0029845901383552353	0.004106234092098168	0.0031220915320953786	0.003676171212369059	0.0030166840651997787	0.001451319333648347	0.002524889501551884	0.003670210430541011	0.001416727146861864	0.0033949824735353164	0.00234668087404267	0.0031147994995119905	0.005189411371299069
55	56	0.013418789883897853	0.022368279883287708	0.0034410549618297047	0.004974601303647397	0.002680417655726416	0.002010175150293862	0.004371832538567141	0.006385931612686699	0.0012537188946441056	0.005609782676393739	0.0039102258479592825	0.012868331398055597	0.002996770659452356	0.27257883558841184	0.5745337706606681	0.003913408885950428	0.006118084080881054	0.004219097085067588	0.005804683217952289	0.004413472762339467	0.005196734736536751	0.004264465925317394	0.002051624138070902	0.00356925187120865	0.00518830841464007	0.0020027236902132968	0.004799238754384554	0.003317331350800991	0.004403164548484098	0.007335891822630732
56	57	0.005217700232808813	0.008697578556961582	0.0013380039057762955	0.0019343009768204543	0.0010422412115634134	7.816272138116307E-4	0.09819960036133543	0.0024830761305979915	4.8749025993103875E-4	0.002181281965801535	0.0015204341444912583	0.005003662499557084	0.0011652504512543425	0.041655176352949054	0.28773217385401323	0.0015216718222707854	0.002378927534401802	0.09814021141358545	0.09875674339644468	0.001716114348521629	0.25935314686063665	0.0016581752187679753	7.977440466292805E-4	0.0013878513994548833	0.0020173978620408872	7.787298225167729E-4	0.0018661138137430562	0.0012898957887512938	0.001712106150293744	0.06718557240426802
57	58	0.16087567855742235	0.008426526204077403	0.0012963061959535306	0.0018740201955064757	0.0010097606848493426	7.57268492128988E-4	0.0016469465528101918	0.0024056932563668153	4.7229805659570166E-4	0.0021133042401320036	0.0014730511574252848	0.09834007778369679	0.09462128645628982	0.009192912908549011	0.4345858381621042	0.0014742502640700923	0.002304790359173364	0.0015894084091567216	0.0021867267173721534	0.0016626331607475014	0.0019577017840242553	0.0016064996527931725	7.72883058088379E-4	0.0013446002365234775	0.0019545274397010947	7.54461395474478E-4	0.001807958025134528	0.0012496973259002067	0.0016587498744768214	0.15858414339345583
58	59	0.006217712279321854	0.08702758674098046	0.0015944425596576257	0.0023050245124960757	0.001241994689232001	9.314320310334284E-4	0.0020257263951055896	0.002958976610160472	5.809214864747649E-4	0.15592544312111525	0.0018118369450700323	0.00596265258196529	0.0013885795879364261	0.011307183159635189	0.3045467141315717	0.0018133118332361287	0.002834867141132088	0.0019549551025427976	0.0026896501423831504	0.3470287498686483	0.002407951958657328	0.04030750260414881	9.506377777882842E-4	0.001653843705700837	0.0024040475495727665	9.279793325976772E-4	0.002223768759531857	0.0015371141550703847	0.0020402443527218917	0.0033991488845116708
59	60	0.19203979522610456	0.3200676928908994	0.0012963061959535306	0.0018740201955064757	0.0010097606848493426	7.57268492128988E-4	0.0016469465528101918	0.0024056932563668153	4.7229805659570166E-4	0.0021133042401320036	0.0014730511574252848	0.004847727777650177	0.03229305311892542	0.009192912908549011	0.12294467147528221	0.0014742502640700923	0.002304790359173364	0.0015894084091567216	0.0021867267173721534	0.0016626331607475014	0.0019577017840242553	0.0016064996527931725	7.72883058088379E-4	0.0013446002365234775	0.0019545274397010947	0.2500673947449321	0.001807958025134528	0.0012496973259002067	0.032822866543159024	0.0027635600500448146
60	61	0.05785533787660358	0.013460246518944853	0.0020706754526114424	0.0029934961575023293	0.00161295739359762	0.0012096349478096515	0.0026307764394804677	0.00384277263197639	7.544328609718897E-4	0.0033757203565027813	0.0023530018460474547	0.007743595565196761	0.0018033247101448932	0.5124894527643958	0.19638763900683467	0.0023549172582411296	0.0036815937739503608	0.0025388669646789278	0.0034930029258260485	0.15199733554633013	0.003127166282446721	0.0025661679362881606	0.0012345771246936475	0.0021478187113783665	0.003122095692729089	0.0012051509870342223	0.0028879706921744364	0.001996224027944462	0.0026496306642852705	0.004414416883378518
61	62	0.010750717839265608	0.01792077137026418	0.002756866400332232	0.003985496117092575	0.0021474674063329154	0.0016104899201264784	0.0035025764967863923	0.0051162101428552115	0.0010044406539406656	0.004494383712340453	0.0031327515478618063	0.27541777051002697	0.0024009196110464604	0.019550653077081898	0.3277445879347196	0.0031353016990759287	0.004901619016285624	0.003380209593449129	0.0046505319751231015	0.003535937351260858	0.004163462526904724	0.2685246206191115	0.0016436975622588618	0.0028595737839728955	0.004156711619414717	0.0016045200416568233	0.0038450010871374962	0.0026577428844464326	0.0035276787303610063	0.005877288769467646
