0	1	0.001882802039357534	0.0012349927646947742	0.002606321467533075	0.013000853108379526	0.06295752004548115	0.06098427065586813	0.0011342657830824118	0.0012535129046938394	0.001253170077783897	0.09590003588327584	6.656042342978782E-4	0.06131602265121941	0.09126584392097595	0.0026730433193322364	0.3747417832502268	0.0018902123157436156	0.004065994466049785	0.2162914007783584	0.002728982010339035	0.002153368323306659
1	2	0.0026774789273229754	0.0017562478867905462	0.003706375211666183	0.4827666785973177	0.08953008851414333	0.002309707497259488	0.0016130069272832065	0.0017825848481608925	0.0017820973238179703	0.2629981172984006	9.465367436491788E-4	0.0027814825209117582	0.0031651269589456793	0.0038012584486979317	0.11083817390897066	0.002688016869419184	0.0057821344325582735	0.012131836322637665	0.00388080726119223	0.0030622435008545957
2	3	0.004042436327291075	0.0026515690505876746	0.005595855730297294	0.027913248335455276	0.007723807643113845	0.0034871779557471873	0.0024353049924994777	0.00269133238478519	0.0026905963244210334	0.3970724596660735	0.0014290736254155714	0.06792346304816826	0.004778683435661245	0.005739109684722103	0.3585145996304885	0.00405834642821097	0.008729820444497046	0.08204055263397232	0.0058592118472968555	0.004623350811295624
3	4	0.008246369949588111	0.005409069572822891	0.011415268615369173	0.05694164450158189	0.01575618515363365	0.007113670364824299	0.004967901602469336	0.005490184805735307	0.0054886832790378825	0.03004529265101858	0.0029152394363804535	0.008566690718527725	0.009748277595961223	0.011707499589287825	0.7313520316750791	0.008278825767688444	0.017808401456515206	0.037364854476874404	0.0119525020541753	0.009431406733429248
4	5	0.005425331753372253	0.003558656365047204	0.007510167464088783	0.037462218393330395	0.010366080123568893	0.004680122520483348	0.0032684095518722167	0.26018293312531987	0.0036110346564617694	0.019766961857814166	0.001917951920610582	0.005636072533814623	0.006413444983110099	0.0077024278152265525	0.1390659418792554	0.005446684613066621	0.011716244418995344	0.45220072583689974	0.007863616272758084	0.006204973914904016
5	6	0.008246369949588111	0.005409069572822891	0.011415268615369173	0.05694164450158189	0.01575618515363365	0.007113670364824299	0.004967901602469336	0.005490184805735307	0.0054886832790378825	0.03004529265101858	0.0029152394363804535	0.008566690718527725	0.009748277595961223	0.011707499589287825	0.4713644102303287	0.008278825767688444	0.017808401456515206	0.29735247592162467	0.0119525020541753	0.009431406733429248
6	7	0.004632888761234045	0.003038866529862135	0.006413206052834568	0.03199035532849694	0.008851974088530687	0.003996527403668606	0.0027910141846287624	0.0030844378361729293	0.0030835942642493176	0.016879730051141403	0.001637809133434266	0.004812848003844099	0.005476674705574441	0.7368949280318984	0.04572172807304181	0.004651122747319183	0.010004928649551336	0.09402368361311052	0.006715028888339096	0.005298653653067543
7	8	0.0026774789273229754	0.0017562478867905462	0.04591351496155767	0.018488141348511386	0.08953008851414333	0.002309707497259488	0.0016130069272832065	0.0017825848481608925	0.0017820973238179703	0.009755278799051722	9.465367436491788E-4	0.3826457402699351	0.0031651269589456793	0.0038012584486979317	0.02642389440918769	0.002688016869419184	0.34343925243169016	0.054338976072529147	0.00388080726119223	0.0030622435008545957
8	9	0.00593271950167792	0.0038914689417034803	0.00821253316857016	0.3215316883563745	0.011335536424445701	0.005117816828483347	0.0035740776729109693	0.0039498260039168565	0.003948745754452601	0.02161560719856153	0.4697072046713184	0.006163169176419404	0.007013243033586892	0.0084227740877334	0.05854968719712947	0.00595606932301311	0.012811970753271184	0.026881549358985835	0.008599037208389256	0.006785275339055936
9	10	0.00593271950167792	0.0038914689417034803	0.00821253316857016	0.22800971193709152	0.011335536424445701	0.005117816828483347	0.0035740776729109693	0.0039498260039168565	0.003948745754452601	0.02161560719856153	0.5632291810906014	0.006163169176419404	0.007013243033586892	0.0084227740877334	0.05854968719712947	0.00595606932301311	0.012811970753271184	0.026881549358985835	0.008599037208389256	0.006785275339055936
10	11	0.007297712493059077	0.004786813451097592	0.010102062955611849	0.1654305124949792	0.013943603057047843	0.006295317989641658	0.004396397179638965	0.004858597236232273	0.004857268444266179	0.026588900192127087	0.0025798720388714503	0.00758118375272451	0.00862684158396355	0.12540007650225718	0.1870601296926138	0.00732643461329758	0.01575973362644417	0.37818462595897645	0.010577493381609215	0.008346423355540327
11	12	0.003065656733901964	0.5819262529301489	0.0042437212147818084	0.21447365950645625	0.0058574931044969416	0.0026445662261091888	0.0018468588110982312	0.0020410219433472498	0.0020404637382874197	0.011169587867234956	0.0010837645489725689	0.003184738648527615	0.003624003414677856	0.0043523605140765465	0.12690736451739956	0.003077722454688424	0.006620421613260543	0.01389069595938009	0.004443442221651694	0.003506204031502354
12	13	0.003221331719603173	0.0021129791041384315	0.0044592186747959344	0.42848591972670685	0.006154938394181046	0.0027788581071546727	0.0019406428658589633	0.0021446656612928083	0.052924384674192	0.011736782952154665	0.15347971513527617	0.003346460650240635	0.05458833697922191	0.004573374710905095	0.03179114813832239	0.0032340101413780168	0.006956608645742983	0.06537637530847354	0.00466908157542218	0.15602516683493858
13	14	0.11662661293008572	0.002351832667076491	0.004963293829305916	0.4204018866948329	0.06337126873902847	0.0030929833905014035	0.0021600153442677098	0.0023871011087174395	0.002386448253454636	0.06958409135912638	0.0012675295162179084	0.0037247483711066267	0.004238495620966227	0.1746520615032075	0.0353848557087653	0.003599586328730294	0.007742991605113963	0.07276659518514945	0.00519687987108624	0.004100721973259476
14	15	0.0025690468096059254	0.0016851236379094561	0.00355627501511421	0.05823725321337608	0.004908629790799598	0.002216169328693882	0.0015476836281032344	0.0017103940091877288	0.0017099262285284647	0.4953343112978835	9.082040484546367E-4	0.0026688384821267463	0.0030369461484453515	0.003647315685833966	0.3898343588931006	0.0025791579877914223	0.0055479704676997975	0.011640523135879743	0.0037236429431135396	0.0029382292483521766
15	16	0.007297712493059077	0.004786813451097592	0.010102062955611849	0.050391111846161886	0.013943603057047843	0.006295317989641658	0.004396397179638965	0.004858597236232273	0.004857268444266179	0.026588900192127087	0.0025798720388714503	0.00758118375272451	0.00862684158396355	0.010360675853439878	0.7622571329367005	0.00732643461329758	0.01575973362644417	0.0330664240125245	0.010577493381609215	0.008346423355540327
16	17	0.004632888761234045	0.003038866529862135	0.006413206052834568	0.47018088163814326	0.008851974088530687	0.003996527403668606	0.0027910141846287624	0.0030844378361729293	0.0030835942642493176	0.08991148443608245	0.001637809133434266	0.004812848003844099	0.005476674705574441	0.006577384182487825	0.33784874561280603	0.004651122747319183	0.010004928649551336	0.020991929228169465	0.006715028888339096	0.005298653653067543
17	18	0.011143556768182402	0.007309431206249812	0.015425780630393744	0.2526112544075509	0.021291785935250118	0.00961290725800094	0.006713268245820877	0.007419044552273536	0.007417015496083482	0.04060106766008021	0.00393944685367557	0.011576415431391507	0.01317312774550218	0.015820680746104217	0.10997515774275272	0.011187415248176612	0.19972937813209213	0.050492201968057655	0.01615175961990063	0.1884093043524607
18	19	0.19521444510190714	0.0026515690505876746	0.005595855730297294	0.21908525711007132	0.26261981934260187	0.0034871779557471873	0.0024353049924994777	0.00269133238478519	0.0026905963244210334	0.07845244504171343	0.0014290736254155714	0.004199460123296248	0.004778683435661245	0.005739109684722103	0.03989458500612837	0.00405834642821097	0.008729820444497046	0.01831654970910031	0.0058592118472968555	0.13207135666103964
19	20	0.0017773012835124947	0.001165791294006484	0.0024602790907711936	0.04028931839519595	0.11546367195502823	0.0015331758758311011	0.0010707084387929437	0.0011832736781887327	0.001182950061210247	0.4547467826990217	6.283078280139513E-4	0.001846338510468402	0.002101000366131204	0.0025232622564795994	0.185641813379669	0.0017842963331549198	0.059872068689053454	0.008053071136266868	0.030593020375011205	0.08608356835419229
20	21	0.0027954676198189716	0.0018336406123678319	0.0038697043645724576	0.15150411599465605	0.3138108454735338	0.0024114895747462074	0.0016840874412678353	0.0018611381668635595	0.0018606291587437926	0.05425225088373936	9.882478591477593E-4	0.002904054348646355	0.003304604878887038	0.003968768829311704	0.38012500146769423	0.0028064699383092725	0.05010402162521687	0.012666450989694867	0.004051823126118141	0.0031971876466639682
21	22	0.004632888761234045	0.003038866529862135	0.006413206052834568	0.17805386409837903	0.08188372847347174	0.2961235449434328	0.0027910141846287624	0.0030844378361729293	0.0030835942642493176	0.016879730051141403	0.001637809133434266	0.004812848003844099	0.005476674705574441	0.006577384182487825	0.33784874561280603	0.004651122747319183	0.010004928649551336	0.020991929228169465	0.006715028888339096	0.005298653653067543
22	23	0.003393662961783005	0.002226016923714821	0.004697773024446629	0.4514085856396007	0.006484208482248916	0.002927518385304001	0.0020444612319296587	0.0022593986132647807	0.0022587806837308976	0.012364664387969371	0.10819350901952288	0.0035254859015838714	0.00401174926917329	0.2723025070432585	0.033491875826706825	0.003407019639746134	0.007328765602440237	0.06887380834139076	0.004918862938463733	0.0038813460837211606
23	24	0.003800268035858717	0.002492722777051923	0.005260627488813482	0.08614758246345541	0.007261101208467661	0.0032782732608822003	0.002289414346017608	0.0025301040282864353	0.002529412062736976	0.013846112409180695	0.0013434627981375948	0.003947885082736866	0.004492409142335346	0.005395299597397015	0.03750463926397459	0.0038152250180046006	0.008206847284157421	0.7960040249202112	0.005508206857404793	0.004346381954889626
24	25	0.003221331719603173	0.0021129791041384315	0.0044592186747959344	0.022243475216446627	0.006154938394181046	0.5613622193087625	0.0019406428658589633	0.0021446656612928083	0.002144079110409473	0.11329739407971973	0.0011387984439285908	0.003346460650240635	0.0038080314154393885	0.004573374710905095	0.23491237039345253	0.0032340101413780168	0.006956608645742983	0.01459606974469101	0.00466908157542218	0.0036842501435910093
25	26	0.002376556029891715	0.0015588625041055943	0.0032898142608850938	0.016410251955643107	0.004540841250619455	0.0020501185738131486	0.001431720451717901	0.2638264797906621	0.001581806712857315	0.00865887922275497	8.401551110927473E-4	0.002468870619168784	0.002809397109681832	0.0033740335340238384	0.0234541026450446	0.002385909608579422	0.005132278096052135	0.3854029635888959	0.0034446418245596935	0.2649623171099507
26	27	0.003393662961783005	0.002226016923714821	0.37917603240949027	0.13042722045242042	0.006484208482248916	0.002927518385304001	0.0020444612319296587	0.0022593986132647807	0.0022587806837308976	0.1728553469815595	0.00119972062379613	0.0035254859015838714	0.00401174926917329	0.0048180360539415695	0.0869887700245702	0.003407019639746134	0.007328765602440237	0.06887380834139076	0.004918862938463733	0.11087513447944791
27	28	0.011143556768182402	0.007309431206249812	0.015425780630393744	0.07694688109508509	0.021291785935250118	0.00961290725800094	0.006713268245820877	0.007419044552273536	0.007417015496083482	0.04060106766008021	0.00393944685367557	0.011576415431391507	0.01317312774550218	0.015820680746104217	0.6369682776801502	0.011187415248176612	0.0240650048196263	0.050492201968057655	0.01615175961990063	0.012744931039994885
28	29	0.006544802353004473	0.10746365915876213	0.009059826002322139	0.2515336345788294	0.012505031704650402	0.005645825596816174	0.003942817784807242	0.10752803696020385	0.004356140636321766	0.023845704624119633	0.002313704822780503	0.00679902768306948	0.007736804259063651	0.009291757625256313	0.06459029968079082	0.006570561191859666	0.014133790803512344	0.029654937747745826	0.009486205936269518	0.3169974308498147
29	30	0.002136440636300805	0.00140136279485427	0.0029574278007478984	0.014752241768761554	0.20615210362827338	0.0018429847961670103	0.0012870665426779095	0.001422377845219036	0.001421988834942699	0.007784029159690099	7.552700199608366E-4	0.06957611034514602	0.0025255496075570222	0.03671147904079032	0.2568328042822447	0.37260660087024955	0.00461373825960329	0.00968035559426336	0.003096612357936284	0.002443455814614006
30	31	0.008246369949588111	0.005409069572822891	0.011415268615369173	0.18693545522395705	0.01575618515363365	0.13710748108719945	0.004967901602469336	0.005490184805735307	0.0054886832790378825	0.16003910337339372	0.0029152394363804535	0.008566690718527725	0.009748277595961223	0.011707499589287825	0.34137059950795356	0.008278825767688444	0.017808401456515206	0.037364854476874404	0.0119525020541753	0.009431406733429248
31	32	0.004317569114149473	0.0028320378380638	0.005976715998037356	0.0298130555761919	0.008249498723926036	0.003724519230057087	0.002601054603671598	0.002874507509743662	0.0028737213522789227	0.01573087653945229	0.0015263379920877121	0.004485280127243588	0.005103926033124394	0.006129719978564813	0.24679324739989392	0.27657908451851526	0.009323981893980513	0.3598688478461807	0.006257996430113229	0.004938021294723675
32	33	0.002469055395100514	0.23514914106789986	0.12018266166824919	0.09489216694542332	0.04363917891793246	0.0021299124706518125	0.0014874453036779008	0.0016438227362545988	0.001643373162367443	0.008995896663728574	8.728552929843342E-4	0.0025649630159746664	0.002918743342632563	0.0035053563205119085	0.45250458328927995	0.0024787730300444848	0.005332034575591764	0.011187455340622977	0.0035787127987491675	0.002823868662322616
33	34	0.006544802353004473	0.004292954534442683	0.009059826002322139	0.045192225330190475	0.012505031704650402	0.005645825596816174	0.003942817784807242	0.004357332335884419	0.004356140636321766	0.023845704624119633	0.002313704822780503	0.00679902768306948	0.007736804259063651	0.009291757625256313	0.786785232051027	0.006570561191859666	0.014133790803512344	0.029654937747745826	0.009486205936269518	0.007485316976856354
34	35	0.0026774789273229754	0.0017562478867905462	0.04591351496155767	0.2295238400979688	0.005115809014360357	0.002309707497259488	0.0016130069272832065	0.0017825848481608925	0.0017820973238179703	0.009755278799051722	9.465367436491788E-4	0.0027814825209117582	0.0031651269589456793	0.13042267769837237	0.11083817390897066	0.1715165758689851	0.0057821344325582735	0.1809603953222036	0.00388080726119223	0.08747652300063756
35	36	0.002376556029891715	0.0015588625041055943	0.0032898142608850938	0.016410251955643107	0.2667850815971317	0.0020501185738131486	0.001431720451717901	0.0015822394441498255	0.001581806712857315	0.04612234212939958	8.401551110927473E-4	0.002468870619168784	0.002809397109681832	0.0033740335340238384	0.06091756555168921	0.002385909608579422	0.22991305553591979	0.3479395006822513	0.0034446418245596935	0.0027180767634384564
36	37	0.004997893706876707	0.0032782854690408475	0.006918474374037806	0.34965315629900984	0.009549382225771124	0.004311396234524563	0.0030109059267471217	0.003327447138306613	0.0033265371050583306	0.018209609801618842	0.001766844917484258	0.24154884724244297	0.005908157837640464	0.007095587377023493	0.04932394209761164	0.00501756426859378	0.010793173009840156	0.2590026071752768	0.007244076504350548	0.0057161112887440906
37	38	0.0035854747237273614	0.002351832667076491	0.004963293829305916	0.024757902972578676	0.0068506996358492864	0.0030929833905014035	0.0021600153442677098	0.0023871011087174395	0.002386448253454636	0.12610466046230556	0.0012675295162179084	0.0037247483711066267	0.004238495620966227	0.1746520615032075	0.09190542481194448	0.003599586328730294	0.007742991605113963	0.01624602608197027	0.4008408635933405	0.11714186017961783
38	39	0.002290737086039981	0.0015025709915009002	0.0031710169837384674	0.01581766736118761	0.004376868596314181	0.0019760874933073447	0.0013800201191728459	0.001525103775430212	0.001524686670338821	0.008346201608387758	8.09816577770265E-4	0.002379718137014473	0.002707948000222379	0.003252195045568991	0.3476028618824687	0.0022997529010755306	0.36605328355228184	0.19093265077567115	0.00332025362600134	0.03873055881650723
39	40	0.007297712493059077	0.004786813451097592	0.24018086425324647	0.1654305124949792	0.013943603057047843	0.006295317989641658	0.004396397179638965	0.004858597236232273	0.004857268444266179	0.026588900192127087	0.0025798720388714503	0.00758118375272451	0.00862684158396355	0.010360675853439878	0.07202072904379649	0.1223658352621149	0.01575973362644417	0.2631452253101591	0.010577493381609215	0.008346423355540327
40	41	0.003221331719603173	0.05289328466792097	0.0044592186747959344	0.1745843919077942	0.006154938394181046	0.0027788581071546727	0.0019406428658589633	0.0021446656612928083	0.002144079110409473	0.31641861633484986	0.0011387984439285908	0.003346460650240635	0.0038080314154393885	0.1569142914022527	0.03179114813832239	0.0032340101413780168	0.006956608645742983	0.01459606974469101	0.05544938713920471	0.15602516683493858
41	42	0.002469055395100514	0.0016195359282807173	0.003417859098439624	0.44518657465485206	0.004717578061329265	0.0021299124706518125	0.0014874453036779008	0.0016438227362545988	0.001643373162367443	0.12576069923353814	8.728552929843342E-4	0.0025649630159746664	0.002918743342632563	0.0035053563205119085	0.10221017557985121	0.0024787730300444848	0.16101843800200452	0.011187455340622977	0.0035787127987491675	0.11958867123213218
42	43	0.006544802353004473	0.004292954534442683	0.009059826002322139	0.045192225330190475	0.012505031704650402	0.005645825596816174	0.003942817784807242	0.004357332335884419	0.004356140636321766	0.023845704624119633	0.002313704822780503	0.00679902768306948	0.007736804259063651	0.009291757625256313	0.786785232051027	0.006570561191859666	0.014133790803512344	0.029654937747745826	0.009486205936269518	0.007485316976856354
43	44	0.003221331719603173	0.0021129791041384315	0.0044592186747959344	0.022243475216446627	0.20927616064931115	0.0027788581071546727	0.0019406428658589633	0.0021446656612928083	0.002144079110409473	0.11329739407971973	0.0011387984439285908	0.003346460650240635	0.10536864254300445	0.004573374710905095	0.03179114813832239	0.0032340101413780168	0.31163844202843816	0.01459606974469101	0.15700999826676976	0.0036842501435910093
44	45	0.0025690468096059254	0.0016851236379094561	0.00355627501511421	0.017739411527105987	0.004908629790799598	0.04271401101496398	0.0015476836281032344	0.0017103940091877288	0.042207767914798563	0.0498580527489124	0.6083758293425061	0.0026688384821267463	0.0030369461484453515	0.003647315685833966	0.14684730877548	0.0025791579877914223	0.0055479704676997975	0.05213836482214984	0.0037236429431135396	0.0029382292483521766
45	46	0.003393662961783005	0.21621359371516832	0.004697773024446629	0.4514085856396007	0.006484208482248916	0.002927518385304001	0.0020444612319296587	0.0022593986132647807	0.0022587806837308976	0.11935845278369611	0.00119972062379613	0.0035254859015838714	0.00401174926917329	0.0048180360539415695	0.033491875826706825	0.05690391383760951	0.06082565980030361	0.01537691414352738	0.004918862938463733	0.0038813460837211606
46	47	0.002376556029891715	0.0015588625041055943	0.0032898142608850938	0.4285083439287338	0.004540841250619455	0.0020501185738131486	0.001431720451717901	0.0015822394441498255	0.001581806712857315	0.00865887922275497	8.401551110927473E-4	0.002468870619168784	0.002809397109681832	0.0033740335340238384	0.0234541026450446	0.45194746448831474	0.005132278096052135	0.010768334522449805	0.040908104731204306	0.0027180767634384564
47	48	0.0016829964174592221	0.0011039335815031328	0.0023297349380936526	0.11774260196747714	0.08280673321154912	0.027982178932942522	0.001013895889992594	0.0011204883379872005	0.0011201818923550094	0.00613192473807264	5.949693692446101E-4	0.320112623951848	0.0019895197972800384	0.40034469301192566	0.01660940042222757	0.0016896203048087457	0.0036345053684485374	0.007625769472858269	0.0024393785701859977	0.0019248498237403274
48	49	0.005425331753372253	0.003558656365047204	0.007510167464088783	0.29403312899958717	0.1814133538610734	0.004680122520483348	0.08879204642062448	0.0036120225190631166	0.26018194526271854	0.019766961857814166	0.001917951920610582	0.005636072533814623	0.006413444983110099	0.0077024278152265525	0.05354230501050314	0.005446684613066621	0.011716244418995344	0.02458254149313849	0.007863616272758084	0.006204973914904016
49	50	0.006544802353004473	0.004292954534442683	0.009059826002322139	0.045192225330190475	0.012505031704650402	0.005645825596816174	0.003942817784807242	0.004357332335884419	0.004356140636321766	0.023845704624119633	0.002313704822780503	0.00679902768306948	0.007736804259063651	0.009291757625256313	0.6836145274267075	0.006570561191859666	0.014133790803512344	0.13282564237206526	0.009486205936269518	0.007485316976856354
50	51	0.004042436327291075	0.0026515690505876746	0.0693198586551693	0.28280926003494333	0.07144781056798587	0.0034871779557471873	0.0024353049924994777	0.00269133238478519	0.0026905963244210334	0.014728442116841432	0.0014290736254155714	0.004199460123296248	0.2596746951351493	0.005739109684722103	0.2310665937807444	0.00405834642821097	0.008729820444497046	0.01831654970910031	0.0058592118472968555	0.004623350811295624
51	52	0.00593271950167792	0.0038914689417034803	0.00821253316857016	0.04096575909852547	0.011335536424445701	0.09863979324776637	0.0035740776729109693	0.0039498260039168565	0.003948745754452601	0.02161560719856153	0.0020973225749032435	0.006163169176419404	0.007013243033586892	0.0084227740877334	0.05854968719712947	0.00595606932301311	0.012811970753271184	0.681535384293967	0.008599037208389256	0.006785275339055936
52	53	0.0020016182707029958	0.0013129283006526684	0.0027707961642742802	0.013821285813636572	0.35090782230149303	0.0017266812744317838	0.09586494509801644	0.0013326171738444331	0.06443831955421694	0.00729280969524064	7.076078995976255E-4	0.002079368833376599	0.03391920552608057	0.002841728569712884	0.24062509616805777	0.0020094961804860132	0.09898168364721299	0.04062249984795013	0.03445423075236357	0.0022892589286521354
53	54	0.0022109000833648424	0.0014502032339790537	0.17732101058859873	0.05011849044671282	0.004224325525368952	0.03675931873281693	0.0013319235171587705	0.0014719507030235602	0.0014715481349213768	0.2171679311930923	7.81592767766131E-4	0.0022967799576709253	0.037465672362664106	0.0031388492119788012	0.4051923755548283	0.037071703720765965	0.004774536736224237	0.010017736335242033	0.0032045358078210563	0.002528615386001203
54	55	0.003800268035858717	0.002492722777051923	0.005260627488813482	0.02624106277446361	0.007261101208467661	0.0032782732608822003	0.002289414346017608	0.0025301040282864353	0.002529412062736976	0.013846112409180695	0.0612499824871294	0.003947885082736866	0.004492409142335346	0.005395299597397015	0.21722419833095	0.0038152250180046006	0.36764596541810823	0.0172192689633177	0.24513428561337197	0.004346381954889626
55	56	0.005425331753372253	0.003558656365047204	0.007510167464088783	0.037462218393330395	0.010366080123568893	0.004680122520483348	0.0032684095518722167	0.0036120225190631166	0.0036110346564617694	0.019766961857814166	0.001917951920610582	0.005636072533814623	0.006413444983110099	0.0077024278152265525	0.7377313999605212	0.005446684613066621	0.011716244418995344	0.11010617836189075	0.007863616272758084	0.006204973914904016
56	57	0.0020668331253835856	0.0013557049027582365	0.035442136502721884	0.014271598023026348	0.003949059477598827	0.09952613293581608	0.0012451325441860243	0.0013760352604042646	0.0013756589244969678	0.04011148204978842	7.306625184620353E-4	0.0021471168841816985	0.0024432645120140016	0.002934315112525774	0.34620811257739936	0.0020749677058561175	0.1347876771499159	0.009364959300885904	0.2962253050703161	0.002363845422262557
57	58	0.0020016182707029958	0.0013129283006526684	0.1920889966894953	0.26624555318059795	0.0038244546719211473	0.0017266812744317838	0.0012058448354059096	0.0013326171738444331	0.0013322527124765967	0.16505797679959153	7.076078995976255E-4	0.002079368833376599	0.002366172105210398	0.002841728569712884	0.24062509616805777	0.0020094961804860132	0.09898168364721299	0.009069466427079962	0.0029011973314933973	0.0022892589286521354
58	59	0.002469055395100514	0.0016195359282807173	0.003417859098439624	0.017048965232216943	0.004717578061329265	0.0021299124706518125	0.0014874453036779008	0.0016438227362545988	0.001643373162367443	0.08683909837693495	8.728552929843342E-4	0.0025649630159746664	0.002918743342632563	0.0035053563205119085	0.5303477850024864	0.0024787730300444848	0.04425363543219495	0.011187455340622977	0.27602991879497146	0.002823868662322616
59	60	0.0020016182707029958	0.0013129283006526684	0.0027707961642742802	0.013821285813636572	0.09848355493453166	0.0017266812744317838	0.0012058448354059096	0.0013326171738444331	0.03288528613334677	0.25971707706220204	7.076078995976255E-4	0.002079368833376599	0.03391920552608057	0.1290538622531936	0.1775190293263174	0.0020094961804860132	0.22519381733069369	0.009069466427079962	0.0029011973314933973	0.0022892589286521354
60	61	0.003221331719603173	0.0021129791041384315	0.0044592186747959344	0.022243475216446627	0.006154938394181046	0.0027788581071546727	0.0019406428658589633	0.0021446656612928083	0.002144079110409473	0.011736782952154665	0.0011387984439285908	0.003346460650240635	0.0038080314154393885	0.004573374710905095	0.3872532870848001	0.0032340101413780168	0.006956608645742983	0.5223991253825163	0.00466908157542218	0.0036842501435910093
61	62	0.004317569114149473	0.0028320378380638	0.005976715998037356	0.43817983924217574	0.008249498723926036	0.003724519230057087	0.002601054603671598	0.002874507509743662	0.0028737213522789227	0.01573087653945229	0.0015263379920877121	0.004485280127243588	0.005103926033124394	0.006129719978564813	0.1787321167888966	0.27657908451851526	0.009323981893980513	0.019563194791194213	0.006257996430113229	0.004938021294723675
62	63	0.004042436327291075	0.0026515690505876746	0.0693198586551693	0.21908525711007132	0.13517181349285787	0.0034871779557471873	0.0024353049924994777	0.00269133238478519	0.0026905963244210334	0.07845244504171343	0.0014290736254155714	0.004199460123296248	0.004778683435661245	0.005739109684722103	0.4222386025553605	0.00405834642821097	0.008729820444497046	0.01831654970910031	0.0058592118472968555	0.004623350811295624
63	64	0.006544802353004473	0.004292954534442683	0.009059826002322139	0.045192225330190475	0.012505031704650402	0.005645825596816174	0.003942817784807242	0.004357332335884419	0.004356140636321766	0.023845704624119633	0.002313704822780503	0.00679902768306948	0.007736804259063651	0.009291757625256313	0.06459029968079082	0.006570561191859666	0.014133790803512344	0.7518498701179819	0.009486205936269518	0.007485316976856354
64	65	0.0025690468096059254	0.0016851236379094561	0.00355627501511421	0.5442113534486173	0.1264021548496099	0.002216169328693882	0.0015476836281032344	0.0017103940091877288	0.0017099262285284647	0.1308537361214526	9.082040484546367E-4	0.0026688384821267463	0.0030369461484453515	0.003647315685833966	0.10634946708920989	0.0025791579877914223	0.0055479704676997975	0.05213836482214984	0.0037236429431135396	0.0029382292483521766
65	66	0.004317569114149473	0.0028320378380638	0.005976715998037356	0.0978741861871892	0.008249498723926036	0.003724519230057087	0.002601054603671598	0.002874507509743662	0.0028737213522789227	0.08379200715044959	0.0015263379920877121	0.004485280127243588	0.005103926033124394	0.006129719978564813	0.3148543780108912	0.004334562074526112	0.4176907655599643	0.019563194791194213	0.006257996430113229	0.004938021294723675
66	67	0.006544802353004473	0.004292954534442683	0.1122305306266416	0.5610457484517878	0.012505031704650402	0.005645825596816174	0.003942817784807242	0.004357332335884419	0.004356140636321766	0.023845704624119633	0.002313704822780503	0.00679902768306948	0.007736804259063651	0.009291757625256313	0.16776100430511026	0.006570561191859666	0.014133790803512344	0.029654937747745826	0.009486205936269518	0.007485316976856354
67	68	0.5084498665309419	0.0016195359282807173	0.003417859098439624	0.09489216694542332	0.004717578061329265	0.0021299124706518125	0.0014874453036779008	0.0016438227362545988	0.001643373162367443	0.08683909837693495	8.728552929843342E-4	0.0025649630159746664	0.002918743342632563	0.0035053563205119085	0.024366973866644825	0.0024787730300444848	0.16101843800200452	0.08903065705382934	0.0035787127987491675	0.002823868662322616
68	69	0.003221331719603173	0.0021129791041384315	0.05523952423857847	0.1745843919077942	0.006154938394181046	0.0027788581071546727	0.0019406428658589633	0.0021446656612928083	0.002144079110409473	0.16407769964350225	0.0011387984439285908	0.003346460650240635	0.0038080314154393885	0.004573374710905095	0.23491237039345253	0.0032340101413780168	0.15929752533709057	0.11615668087225606	0.05544938713920471	0.0036842501435910093
69	70	0.009478518717706086	0.006217277117665218	0.013120905064879354	0.06544970047725882	0.018110428808232014	0.008176574434178283	0.005710191104035979	0.006310512354278611	0.006308786473801058	0.03453457345627104	0.003350826088721285	0.00984670089030141	0.011204837064498723	0.013456800346453492	0.24296009774492147	0.00951582399035855	0.020469281340747363	0.49119913388067954	0.013738410371654465	0.010840620273357183
70	71	0.0026774789273229754	0.0017562478867905462	0.003706375211666183	0.060695281098402866	0.005115809014360357	0.08672398699704247	0.0016130069272832065	0.0017825848481608925	0.0017820973238179703	0.3474123967981836	9.465367436491788E-4	0.0027814825209117582	0.0031651269589456793	0.0038012584486979317	0.15304531365886215	0.002688016869419184	0.047989274182449755	0.1387532555723121	0.0882950867609752	0.04526938325074608
71	72	0.004317569114149473	0.0028320378380638	0.005976715998037356	0.0298130555761919	0.008249498723926036	0.003724519230057087	0.002601054603671598	0.002874507509743662	0.0028737213522789227	0.01573087653945229	0.0015263379920877121	0.004485280127243588	0.005103926033124394	0.006129719978564813	0.1106709861778993	0.004334562074526112	0.009323981893980513	0.7682356315121646	0.006257996430113229	0.004938021294723675
72	73	0.006544802353004473	0.004292954534442683	0.009059826002322139	0.3547043392031488	0.2188464409532893	0.005645825596816174	0.003942817784807242	0.004357332335884419	0.004356140636321766	0.023845704624119633	0.002313704822780503	0.10996973230738892	0.007736804259063651	0.009291757625256313	0.16776100430511026	0.006570561191859666	0.014133790803512344	0.029654937747745826	0.009486205936269518	0.007485316976856354
73	74	0.004997893706876707	0.0032782854690408475	0.006918474374037806	0.2708675509339811	0.009549382225771124	0.004311396234524563	0.0030109059267471217	0.003327447138306613	0.0033265371050583306	0.17578082053167626	0.001766844917484258	0.005192031147356827	0.005908157837640464	0.007095587377023493	0.36446636355772655	0.0838031696336225	0.010793173009840156	0.022645791080190637	0.007244076504350548	0.0057161112887440906
74	75	0.0035854747237273614	0.002351832667076491	0.004963293829305916	0.1943196102821162	0.4024946833581035	0.0030929833905014035	0.0021600153442677098	0.0023871011087174395	0.002386448253454636	0.06958409135912638	0.0012675295162179084	0.0037247483711066267	0.004238495620966227	0.005090354193669982	0.09190542481194448	0.003599586328730294	0.007742991605113963	0.07276659518514945	0.00519687987108624	0.11714186017961783
75	76	0.0035854747237273614	0.002351832667076491	0.004963293829305916	0.36388131759165376	0.0068506996358492864	0.0030929833905014035	0.0021600153442677098	0.0023871011087174395	0.002386448253454636	0.12610466046230556	0.0012675295162179084	0.11676588657746496	0.004238495620966227	0.005090354193669982	0.31798770122466125	0.003599586328730294	0.007742991605113963	0.01624602608197027	0.00519687987108624	0.004100721973259476
76	77	0.0026774789273229754	0.0017562478867905462	0.003706375211666183	0.10290242084829435	0.1317372282640348	0.002309707497259488	0.2126487056767406	0.0017825848481608925	0.08619637682360094	0.009755278799051722	9.465367436491788E-4	0.0027814825209117582	0.0031651269589456793	0.0038012584486979317	0.23745959315864512	0.002688016869419184	0.047989274182449755	0.1387532555723121	0.00388080726119223	0.0030622435008545957
77	78	0.007297712493059077	0.004786813451097592	0.010102062955611849	0.1654305124949792	0.013943603057047843	0.006295317989641658	0.004396397179638965	0.004858597236232273	0.004857268444266179	0.026588900192127087	0.0025798720388714503	0.00758118375272451	0.00862684158396355	0.010360675853439878	0.41713893099024846	0.00732643461329758	0.01575973362644417	0.0330664240125245	0.010577493381609215	0.23842522465317498
78	79	0.0029243345187386425	0.0019181687169946748	0.3267376792393254	0.29678376777152443	0.005587471385601568	0.002522655656968539	0.0017617213671724408	0.0019469338678491	0.0019464013952121787	0.10285171141309031	0.0010338046154018787	0.0030379269342384846	0.04955545471378549	0.004151723168663191	0.07495861132651085	0.0029358440277450206	0.006315230024993496	0.10544738046992919	0.004238606145006289	0.003344573241248873
79	80	0.004632888761234045	0.003038866529862135	0.006413206052834568	0.10502210971343799	0.22794723724335383	0.003996527403668606	0.0027910141846287624	0.0030844378361729293	0.0030835942642493176	0.30900674759090563	0.001637809133434266	0.004812848003844099	0.005476674705574441	0.006577384182487825	0.26481699122786495	0.004651122747319183	0.010004928649551336	0.020991929228169465	0.006715028888339096	0.005298653653067543
80	81	0.26719797990542904	0.0018336406123678319	0.0038697043645724576	0.3277724575183961	0.005341247806988732	0.0024114895747462074	0.0016840874412678353	0.0018611381668635595	0.0018606291587437926	0.01018516550280436	0.04505533324008277	0.002904054348646355	0.003304604878887038	0.003968768829311704	0.29199083070582427	0.0028064699383092725	0.006036936244281863	0.012666450989694867	0.004051823126118141	0.0031971876466639682
81	82	0.004317569114149473	0.0028320378380638	0.005976715998037356	0.0298130555761919	0.21243289055691794	0.003724519230057087	0.002601054603671598	0.002874507509743662	0.0028737213522789227	0.28797539898344154	0.0015263379920877121	0.004485280127243588	0.005103926033124394	0.006129719978564813	0.04260985556690201	0.004334562074526112	0.009323981893980513	0.3598688478461807	0.006257996430113229	0.004938021294723675
82	83	0.011143556768182402	0.007309431206249812	0.015425780630393744	0.07694688109508509	0.19695615924771595	0.00961290725800094	0.006713268245820877	0.007419044552273536	0.007417015496083482	0.04060106766008021	0.00393944685367557	0.011576415431391507	0.01317312774550218	0.015820680746104217	0.28563953105521855	0.011187415248176612	0.0240650048196263	0.050492201968057655	0.19181613293236646	0.012744931039994885
83	84	0.003065656733901964	0.0020108666796954666	0.0042437212147818084	0.26279994169399407	0.0058574931044969416	0.0026445662261091888	0.0018468588110982312	0.0020410219433472498	0.0020404637382874197	0.011169587867234956	0.0010837645489725689	0.003184738648527615	0.003624003414677856	0.0043523605140765465	0.12690736451739956	0.003077722454688424	0.5382095256761761	0.01389069595938009	0.004443442221651694	0.003506204031502354
84	85	0.005425331753372253	0.003558656365047204	0.007510167464088783	0.037462218393330395	0.010366080123568893	0.004680122520483348	0.0032684095518722167	0.0036120225190631166	0.0036110346564617694	0.019766961857814166	0.001917951920610582	0.005636072533814623	0.006413444983110099	0.0077024278152265525	0.652207763091769	0.005446684613066621	0.18276351815649985	0.02458254149313849	0.007863616272758084	0.006204973914904016
85	86	0.0035854747237273614	0.002351832667076491	0.004963293829305916	0.024757902972578676	0.0068506996358492864	0.0030929833905014035	0.0021600153442677098	0.0023871011087174395	0.002386448253454636	0.013063522255947212	0.0012675295162179084	0.0037247483711066267	0.004238495620966227	0.005090354193669982	0.48754940853419876	0.003599586328730294	0.007742991605113963	0.4118900098042245	0.00519687987108624	0.004100721973259476
86	87	0.003800268035858717	0.002492722777051923	0.005260627488813482	0.08614758246345541	0.007261101208467661	0.0032782732608822003	0.002289414346017608	0.0025301040282864353	0.002529412062736976	0.5530047896101069	0.0013434627981375948	0.003947885082736866	0.004492409142335346	0.005395299597397015	0.0974111589529664	0.0038152250180046006	0.008206847284157421	0.0172192689633177	0.1852277659243802	0.004346381954889626
87	88	0.0026774789273229754	0.04396338763668203	0.13032779446134063	0.18731670034807735	0.005115809014360357	0.04451684724715097	0.0016130069272832065	0.0017825848481608925	0.0017820973238179703	0.17858383779861767	9.465367436491788E-4	0.0027814825209117582	0.0031651269589456793	0.13042267769837237	0.23745959315864512	0.002688016869419184	0.0057821344325582735	0.012131836322637665	0.00388080726119223	0.0030622435008545957
88	89	0.07191510416830722	0.1408586114038638	0.0030605003762428054	0.2940832047440111	0.004224325525368952	0.0019072166903457458	0.0013319235171587705	0.0014719507030235602	0.0014715481349213768	0.11261162506567875	7.81592767766131E-4	0.0022967799576709253	0.0026135703201929225	0.0031388492119788012	0.19607976330000115	0.10677590780570834	0.004774536736224237	0.04486983837771322	0.0032045358078210563	0.002528615386001203
89	90	0.008246369949588111	0.005409069572822891	0.011415268615369173	0.05694164450158189	0.01575618515363365	0.007113670364824299	0.1349617123248445	0.005490184805735307	0.0054886832790378825	0.03004529265101858	0.0029152394363804535	0.13856050144090287	0.009748277595961223	0.011707499589287825	0.4713644102303287	0.008278825767688444	0.017808401456515206	0.037364854476874404	0.0119525020541753	0.009431406733429248
90	91	0.0022109000833648424	0.0014502032339790537	0.0030605003762428054	0.08497059248918401	0.004224325525368952	0.0019072166903457458	0.0013319235171587705	0.0014719507030235602	0.4196967726445756	0.042907420980736376	7.81592767766131E-4	0.0022967799576709253	0.0026135703201929225	0.0031388492119788012	0.19607976330000115	0.002219601678294777	0.004774536736224237	0.14942614450512676	0.0032045358078210563	0.07223281947094358
91	92	0.002290737086039981	0.0015025709915009002	0.0031710169837384674	0.19637083499604502	0.004376868596314181	0.0019760874933073447	0.5791501565507164	0.001525103775430212	0.001524686670338821	0.008346201608387758	8.09816577770265E-4	0.002379718137014473	0.002707948000222379	0.003252195045568991	0.02260716013972542	0.0022997529010755306	0.0049469482825670935	0.15482201724869968	0.00332025362600134	0.002619925289535754
92	93	0.007297712493059077	0.004786813451097592	0.010102062955611849	0.2804699131437965	0.013943603057047843	0.006295317989641658	0.004396397179638965	0.004858597236232273	0.004857268444266179	0.026588900192127087	0.0025798720388714503	0.23765998505035912	0.23870564288159818	0.010360675853439878	0.07202072904379649	0.00732643461329758	0.01575973362644417	0.0330664240125245	0.010577493381609215	0.008346423355540327
93	94	0.00593271950167792	0.0038914689417034803	0.00821253316857016	0.1344877355178085	0.10485751284372874	0.005117816828483347	0.0035740776729109693	0.0039498260039168565	0.003948745754452601	0.02161560719856153	0.0020973225749032435	0.006163169176419404	0.007013243033586892	0.0084227740877334	0.1520716636164125	0.00595606932301311	0.012811970753271184	0.4009694550361179	0.10212101362767229	0.006785275339055936
