0	1	0.001008294243016549	0.011996043110212799	0.0014900639270312615	8.91503329978799E-4	0.0013313250337793976	5.663456424322274E-4	0.40384009506573537	0.002704396851524637	0.0022292400145073675	0.0018667372460124025	0.0016142056572447316	0.12017011782948514	0.0016236245790450504	0.0010979201062701258	6.604669966174487E-4	9.125256862515609E-4	0.006728536225818235	0.0025627946328495898	8.190541097903688E-4	0.003079465776434568	0.001186724354378091	0.17725047684681766	0.002764718307770147	0.11979087012218814	0.12647552191618763	8.603668570886034E-4	9.294471095990322E-4	8.817612015864707E-4	0.0014337804677709372	0.0012335767525757059
1	2	0.0014282954536206454	0.3502299698375203	0.002110744504714925	0.08457211063587922	0.04354051097436203	8.022548099092317E-4	0.15551190761430247	0.0038309032849999413	0.003157821637684225	0.0026443196914495105	0.002286597010168127	0.0036080228965589766	0.0022999393487548835	0.0015552546363180799	9.355820635382733E-4	0.0012926348613137644	0.21780442021159274	0.08693957210469067	0.0011602280478989983	0.004362205773290004	0.0016810499631418636	0.0011557378989459652	0.003916351419121465	0.003070800969646264	0.01253991956526822	0.0012187494661767763	0.0013166048405171338	0.0012490555451722073	0.002031016380179511	0.0017474185532636057
2	3	0.0021421337052824176	0.7126878159429629	0.003165659412643059	0.0018940099526956783	0.002828416652477399	0.0012032083867347704	0.17076125027029618	0.00574552486859284	0.004736048237222873	0.003965906580628579	0.0034294000680759056	0.0054112525784195805	0.003449410685012009	0.0023325449705160015	0.001403170378567424	0.001938672211007907	0.014294859200443162	0.005444689187473502	0.0017400906800607787	0.006542363481347288	0.0025212107041169543	0.0017333564295318364	0.005873678555346662	0.004605536090322334	0.018807162267580863	0.001827860127380643	0.00197462198613062	0.001873312679320437	0.0030460845008884034	0.0026207492089210293
3	4	0.004282411632094577	0.050949407784568836	0.006328576343541088	0.003786379082092606	0.005654382984176202	0.002405374407059905	0.7160496953297623	0.011486072260137831	0.009467993529643063	0.007928377407443456	0.0068558291699621	0.010817817267372973	0.006895833068188079	0.004663069205012344	0.0028051251591671637	0.0038756649068010527	0.028577334443771914	0.010884661518596515	0.0034786738805406194	0.013079059166485899	0.005040237226858047	0.003465211213514996	0.011742268611232554	0.009207082301441826	0.03759803146870338	0.00365413673853974	0.003947533312950049	0.0037450024658542236	0.006089530110459522	0.005239228004027147
4	5	0.0026362086223087533	0.0313639322050671	0.0038958066054995627	0.002330856078554941	0.0034807800971319606	0.0014807237828911453	0.2101466772165973	0.0070707081266325154	0.00582839958488542	0.0048806277112126905	0.004220378030798978	0.006659337215759582	0.004245004019725154	0.0028705375150177704	0.0017268062406309976	0.0023858195153208805	0.017591913607432647	0.006700485850352909	0.002141435916471212	0.008051334506933495	0.0031027182759229195	0.002133148436905671	0.007228419969347087	0.005667785312243711	0.33067317769162474	0.0022494490499321766	0.0024300609680905447	0.30983360069259414	0.0037486521993100237	0.003225214954803955
5	6	0.004282411632094577	0.050949407784568836	0.006328576343541088	0.003786379082092606	0.005654382984176202	0.002405374407059905	0.34137456623984147	0.011486072260137831	0.009467993529643063	0.007928377407443456	0.0068558291699621	0.010817817267372973	0.006895833068188079	0.004663069205012344	0.0028051251591671637	0.0038756649068010527	0.15346904414041218	0.010884661518596515	0.0034786738805406194	0.013079059166485899	0.005040237226858047	0.003465211213514996	0.011742268611232554	0.009207082301441826	0.2873814508619839	0.00365413673853974	0.003947533312950049	0.0037450024658542236	0.006089530110459522	0.005239228004027147
6	7	0.0024480012576499847	0.029124760776941556	0.003617672512379439	0.002164448808572073	0.003232276073780362	0.001375010176385512	0.052357237447610644	0.006565907659961033	0.7907374716553066	0.004532184089704683	0.003919071745583661	0.006183905834060162	0.003941939606401656	0.0026656006612787533	0.0016035240204473583	0.0022154882298034426	0.016335970632608457	0.006222116736028469	0.001988551957662326	0.007476523986736856	0.002881205295103278	0.0019808561477679537	0.00671235994983081	0.005263143992113724	0.021492569194132262	0.0020888536880783294	0.0022565711437670384	0.002140796246116436	0.0034810239298764195	0.0029949565443105957
7	8	0.0014282954536206454	0.01699295017741462	0.002110744504714925	0.0012628557208527926	0.0018858835168488175	8.022548099092317E-4	0.15551190761430247	0.08714015820002638	0.003157821637684225	0.0026443196914495105	0.002286597010168127	0.2951904150991515	0.0022999393487548835	0.0015552546363180799	0.04259020952105149	0.0012926348613137644	0.00953128292402664	0.0036303171896642297	0.0011602280478989983	0.2542899705183693	0.0016810499631418636	0.0011557378989459652	0.003916351419121465	0.003070800969646264	0.09584917448029466	0.0012187494661767763	0.0013166048405171338	0.0012490555451722073	0.002031016380179511	0.0017474185532636057
8	9	0.0031152172185799796	0.03706287158792127	0.00460368868950936	0.002754381018444198	0.004113250370594531	0.001749776624424958	0.06662748522059699	0.008355481245770397	0.006887440770032101	0.005767455335205124	0.004987235911150062	0.007869362759574124	0.09586813638803224	0.3667993239430976	0.0020405731505626695	0.27537473108088795	0.020788427635765137	0.007917988249196385	0.0025305425310514005	0.009514290969346813	0.0036664933555572844	0.0025207491866162425	0.00854184989802377	0.006697642305885909	0.027350484978654187	0.0026581820396786374	0.0028716117935176752	0.0027242818223775795	0.00442979579800137	0.003811248121944044
9	10	0.0031152172185799796	0.03706287158792127	0.00460368868950936	0.002754381018444198	0.004113250370594531	0.001749776624424958	0.06662748522059699	0.09920728110289198	0.006887440770032101	0.005767455335205124	0.004987235911150062	0.007869362759574124	0.005016336530910647	0.18509572422885445	0.0020405731505626695	0.0028193315095231754	0.020788427635765137	0.007917988249196385	0.0025305425310514005	0.009514290969346813	0.0036664933555572844	0.0025207491866162425	0.3719490493265101	0.006697642305885909	0.11820228483577577	0.0026581820396786374	0.0028716117935176752	0.0027242818223775795	0.00442979579800137	0.003811248121944044
10	11	0.003806954567430721	0.045292722264180275	0.00562594273652152	0.003365994299232335	0.11605214222444755	0.0021383164142160706	0.08142219029355383	0.01021082488307731	0.00841680443373201	0.007048125023146961	0.00609465703308541	0.009616763261852389	0.006130219476902128	0.004145349427697245	0.0024936846231390997	0.003445367117023414	0.02540452045066509	0.009676186093976887	0.003092452233894358	0.011626949557671686	0.004480642166184417	0.003080484266747322	0.010438576895903339	0.00818486101557703	0.5885513905426928	0.003248434233305163	0.003509256294558892	0.003329211544162035	0.005413436740592337	0.004657539884830387
11	12	0.0015580995676881717	0.018537276904480413	0.0023025698863352955	0.4557798063699833	0.0020572734337729174	8.751640771009048E-4	0.16964489763653842	0.004179057447170836	0.003444805846045176	0.0028846366188680053	0.04793462212123476	0.0039359215917736	0.0025089588403575387	0.0016965968563083006	0.0010206081697176387	0.001410110081556395	0.23759858096025954	0.003960241999964463	0.0012656700791622477	0.004758644937432684	0.001833824517325128	0.0012607718635130683	0.004272271145006962	0.003349876701724106	0.013679552927204276	0.0013295099494691671	0.0014362584629291635	0.0013625702581478824	0.0022155960350524148	0.001906224713877336
12	13	0.001713855503713408	0.020390361890506276	0.002532747042755284	0.0015153392962870642	0.0022629294495900543	9.626501420683486E-4	0.08663817657451467	0.6043887927873757	0.003789166996065952	0.003173000267752849	0.05272642239596735	0.004329377288933081	0.0027597677364850867	0.0018661977193673031	0.0011226336012664319	0.0015510721998999093	0.011436878592159487	0.004356128894732133	0.0013921932051339406	0.0052343444445837675	0.002017143388676722	0.0013868053377454803	0.004699350135941733	0.0036847482285934283	0.16499502755906834	0.0014624148490845928	0.0015798345128215476	0.0014987800423999023	0.0024370788218074494	0.0020967810947028157
13	14	0.0019042105366494772	0.1337233940653092	0.002814054974315326	0.0016836454697241213	0.002514269197296549	0.0010695700656571778	0.20732924151158583	0.005107379136221413	0.05974417794569801	0.0035254200424453892	0.16965096613589523	0.00481023390411558	0.2807370633639775	0.0020734731446092106	0.0012473226171614057	0.0017233471665224983	0.012707153359419208	0.0048399567655379545	0.0015468217504473838	0.005815714231586586	0.002241184094183328	0.0015408354617381275	0.060755453587942584	0.004094006984010836	0.016718282554488078	0.0016248427936578272	0.0017553040609077743	0.0016652470075068186	0.0027077610458268024	0.002329667025562845
14	15	0.00137117948307574	0.6561358933006836	0.0020263381442147126	0.0012123555039881026	0.00181046910092639	7.701735189017377E-4	0.06931534771319492	0.003677709659247105	0.003031543809671239	0.0025385762437438665	0.0021951585006148235	0.003463742013382588	0.002207967293697539	0.0014930617071362412	0.04088707369832008	0.0012409438092439984	0.049139041897673146	0.0034851447821291444	0.0011138317992508715	0.004187765943052876	0.0016138266166445172	0.0011095212064356765	0.0037597408160904124	0.00294800300282016	0.1320051755286964	0.0011700130101197927	0.0012639552552372597	0.0011991071822153965	0.001949798260040228	0.0016775411995516517
15	16	0.003806954567430721	0.045292722264180275	0.00562594273652152	0.003365994299232335	0.00502660205905604	0.0021383164142160706	0.7475754312859029	0.01021082488307731	0.00841680443373201	0.007048125023146961	0.00609465703308541	0.009616763261852389	0.006130219476902128	0.004145349427697245	0.0024936846231390997	0.003445367117023414	0.02540452045066509	0.009676186093976887	0.003092452233894358	0.011626949557671686	0.004480642166184417	0.003080484266747322	0.010438576895903339	0.00818486101557703	0.0334236897157352	0.003248434233305163	0.003509256294558892	0.003329211544162035	0.005413436740592337	0.004657539884830387
16	17	0.0024480012576499847	0.1005179589730462	0.003617672512379439	0.002164448808572073	0.003232276073780362	0.001375010176385512	0.6235028230164479	0.006565907659961033	0.0054122914981556015	0.004532184089704683	0.003919071745583661	0.006183905834060162	0.003941939606401656	0.0026656006612787533	0.0016035240204473583	0.0022154882298034426	0.016335970632608457	0.006222116736028469	0.001988551957662326	0.007476523986736856	0.002881205295103278	0.0019808561477679537	0.00671235994983081	0.005263143992113724	0.16427896558634156	0.0020888536880783294	0.0022565711437670384	0.002140796246116436	0.0034810239298764195	0.0029949565443105957
17	18	0.0057082337858106	0.06791293221400777	0.008435665789235164	0.0050470479858369215	0.007537000821287309	0.003206239996874791	0.12208627376975438	0.34825875408155205	0.01262034694299352	0.010568118077357838	0.009138466607093134	0.014419592351083905	0.009191789739719217	0.00621563069326087	0.003739087127211434	0.005166061384122839	0.03809211257455905	0.01450869228962363	0.0046368928259721024	0.017433711150330117	0.006718376209149999	0.004618947785334991	0.1821260444515548	0.012272565735611737	0.05011623635177043	0.0048707757639594495	0.005261858261993593	0.004991895090915671	0.008117029492383068	0.006983620649639666
18	19	0.0021421337052824176	0.21290449040465514	0.003165659412643059	0.0018940099526956783	0.002828416652477399	0.0012032083867347704	0.04581541888571923	0.3181101033300352	0.004736048237222873	0.003965906580628579	0.0034294000680759056	0.0054112525784195805	0.2533410734541659	0.0023325449705160015	0.001403170378567424	0.001938672211007907	0.014294859200443162	0.005444689187473502	0.0017400906800607787	0.006542363481347288	0.0025212107041169543	0.06420627212182031	0.005873678555346662	0.004605536090322334	0.018807162267580863	0.001827860127380643	0.00197462198613062	0.001873312679320437	0.0030460845008884034	0.0026207492089210293
19	20	0.1675868477040203	0.4834609752058105	0.001407298545235503	8.419849085612074E-4	0.0012573767804755704	5.348880569730205E-4	0.10368459132004879	0.0025541815259381476	0.0021054172055875635	0.0017630496000827403	0.0015245448412924164	0.0024055802879797638	0.0015334405904658664	0.001036936295355562	6.237814543753443E-4	8.618395811449693E-4	0.20076178618948443	0.002420444581684659	7.735598696585072E-4	0.0029084173025470234	0.0011208079245561056	7.705661486868883E-4	0.0026111524357634226	0.0020473978388372595	0.008360751631546058	8.125779064808076E-4	8.778211065199615E-4	8.327839052583917E-4	0.0013541413424464346	0.0011650579131828786
20	21	0.0014903765328687117	0.0611967035217544	0.002202488335823157	0.001317745936939666	0.0019678537309003492	8.371249373081988E-4	0.03187579980766123	0.0039974140792651495	0.003295076835720024	0.0027592554492480515	0.002385984297186925	0.0037648461608229037	0.002399906562550777	0.0016228540157626004	9.762472803058228E-4	0.0013488194322725312	0.7488531486282467	0.0037881094787706976	0.0012106575365631678	0.004551809711061773	0.0017541170556101755	0.001205972222602585	0.09101688058735932	0.003204273801103083	0.013084969077483891	0.001271722597192115	0.0013738312702697003	0.0013033459345230284	0.0021192948162218725	0.0018233703666014588
21	22	0.0024480012576499847	0.029124760776941556	0.003617672512379439	0.002164448808572073	0.003232276073780362	0.001375010176385512	0.3379300302320292	0.006565907659961033	0.0054122914981556015	0.004532184089704683	0.003919071745583661	0.006183905834060162	0.003941939606401656	0.0026656006612787533	0.0016035240204473583	0.0022154882298034426	0.08772916882871311	0.006222116736028469	0.14477494834987162	0.007476523986736856	0.002881205295103278	0.0019808561477679537	0.00671235994983081	0.005263143992113724	0.021492569194132262	0.0020888536880783294	0.0022565711437670384	0.002140796246116436	0.0034810239298764195	0.2885677493287292
22	23	0.001713855503713408	0.020390361890506276	0.002532747042755284	0.0015153392962870642	0.0022629294495900543	9.626501420683486E-4	0.28656883473693107	0.3044928055437511	0.05377183153667005	0.003173000267752849	0.002743757855363254	0.15427737091074537	0.0027597677364850867	0.0018661977193673031	0.0011226336012664319	0.0015510721998999093	0.011436878592159487	0.10432145797594033	0.0013921932051339406	0.0052343444445837675	0.002017143388676722	0.0013868053377454803	0.004699350135941733	0.0036847482285934283	0.015047033937256057	0.0014624148490845928	0.0015798345128215476	0.0014987800423999023	0.0024370788218074494	0.0020967810947028157
23	24	0.0020161772348678093	0.023987193415828036	0.0029795201043599042	0.0017826430440926345	0.002662107062403989	0.0011324602904825873	0.04312149346025138	0.005407690665553726	0.004457570792886468	0.003732713109250851	0.003227752931321896	0.005093073431329498	0.0032465869332437844	0.002195392405834794	0.0013206646097450334	0.06062421634656629	0.07225386525990747	0.005124543983246707	0.0016377741534493297	0.006157675536683588	0.0023729646816212516	0.0016314358737346375	0.005528308974840529	0.004334732699817999	0.7232957558022204	0.0017203827978896212	0.0018585151272717307	0.0017631627608124202	0.002866976142072882	0.0024666503684128227
24	25	0.001713855503713408	0.020390361890506276	0.002532747042755284	0.0015153392962870642	0.0022629294495900543	9.626501420683486E-4	0.23658617019632697	0.0045968183001265425	0.003789166996065952	0.3530516520519815	0.002743757855363254	0.004329377288933081	0.052742432277089184	0.0018661977193673031	0.0011226336012664319	0.0015510721998999093	0.06141954313276358	0.004356128894732133	0.0013921932051339406	0.0052343444445837675	0.002017143388676722	0.0013868053377454803	0.004699350135941733	0.0036847482285934283	0.015047033937256057	0.0014624148490845928	0.0015798345128215476	0.0014987800423999023	0.0024370788218074494	0.2020274392571192
25	26	0.0012696367198992932	0.015105329552071153	0.0018762775745861122	0.0011225744582923321	0.0016763947237768244	7.131382815751229E-4	0.06418219627371613	0.151515453772237	0.002807042685694411	0.002350581856790515	0.0020325959312984454	0.0032072344304509455	0.2612371260591513	0.001382492949940811	8.316552008453271E-4	0.0011490456552148216	0.00847252349464344	0.0032270522161190816	0.0010313469312917733	0.0038776407328652614	0.0014943146082135037	0.0010273555596367445	0.0034813130274564123	0.0027296884973497726	0.27033962292768837	0.03811089190994327	0.0011703529874580727	0.14922040432195366	0.0018054058552494274	0.0015533108045907341
26	27	0.0018040255053710637	0.12668788924100483	0.002666000869900478	0.05420743592219661	0.002381987533412513	0.001013297448517446	0.09119641646604208	0.004838667810102305	0.003988524055967505	0.0033399393351264423	0.0028881134616732724	0.004557156093198596	0.002904965660600874	0.0019643828061988717	0.00118169801682994	0.0016326777859794145	0.1172633419573311	0.32025954136008555	0.00146543979059153	0.005509735716614705	0.002123270085067764	0.0014597684547249536	0.00494659408890606	0.003878611569557949	0.17367580716754225	0.05415172699434121	0.0016629533523802422	0.0015776344140869215	0.002565299317016106	0.002207097719631489
27	28	0.0057082337858106	0.23438713836343347	0.008435665789235164	0.0050470479858369215	0.007537000821287309	0.003206239996874791	0.12208627376975438	0.1817845479321263	0.01262034694299352	0.010568118077357838	0.009138466607093134	0.014419592351083905	0.17566599588914494	0.00621563069326087	0.003739087127211434	0.005166061384122839	0.03809211257455905	0.01450869228962363	0.0046368928259721024	0.017433711150330117	0.006718376209149999	0.004618947785334991	0.015651838302129073	0.012272565735611737	0.05011623635177043	0.0048707757639594495	0.005261858261993593	0.004991895090915671	0.008117029492383068	0.006983620649639666
28	29	0.0034265230004199574	0.04076658962982779	0.005063738440867904	0.10296031038817982	0.004524290286169084	0.0019246329961935462	0.07328561527166425	0.10912113238226828	0.007575707424762757	0.006343801081384456	0.005485613798021363	0.008655753548582511	0.005517622462566937	0.0037311018314485846	0.002244489017568291	0.003101069230605197	0.22272719378225178	0.008709238216554817	0.002783421372504186	0.010465060556520469	0.004032888537843524	0.0027726493724786463	0.009395442785545157	0.007366942270614771	0.22994500199202197	0.0029238159843036453	0.0031585739190446434	0.002996521163380669	0.004872468314082566	0.10412279094232242
29	30	0.0011427023976157086	0.11357202916354621	0.0016886931903184084	0.001010342962587402	0.001508794003974654	6.418409387624494E-4	0.22439359929255168	0.0030648997430513495	0.03585203110064274	0.002115578008613014	0.0018293833249111598	0.06953784071618895	0.0018400578126400386	0.0012442756135073705	7.485089058159162E-4	0.001034167651742175	0.14092797817800692	0.00290442159303872	9.282360794150571E-4	0.003489966297516136	0.06799617327926301	9.246437526585194E-4	0.003133262200892224	0.0024567827487795256	0.010032515413261273	9.750559196717566E-4	0.0010533447433145491	0.03432492997820202	0.2682299293580878	0.0013980156314232998
30	31	0.004282411632094577	0.050949407784568836	0.13122028604018135	0.003786379082092606	0.005654382984176202	0.002405374407059905	0.46626627593648173	0.011486072260137831	0.009467993529643063	0.007928377407443456	0.0068558291699621	0.010817817267372973	0.006895833068188079	0.004663069205012344	0.0028051251591671637	0.0038756649068010527	0.028577334443771914	0.010884661518596515	0.0034786738805406194	0.013079059166485899	0.005040237226858047	0.003465211213514996	0.011742268611232554	0.13409879199808208	0.03759803146870338	0.00365413673853974	0.003947533312950049	0.0037450024658542236	0.006089530110459522	0.005239228004027147
31	32	0.002284876609046672	0.02718400753894897	0.0033766058235860396	0.002020218918895823	0.0030168906048895186	0.0012833852022773754	0.24877592324152356	0.0061283828112928046	0.005051638844887413	0.004230178143127547	0.0036579210622040234	0.13904353926932658	0.003679265103641375	0.0024879760910997023	0.0014966718317301227	0.002067857284826561	0.015247409317245235	0.005807500688360345	0.0018560431044460925	0.006978319443622579	0.0693250653600033	0.001848860111398041	0.006265076128103436	0.004912429909929645	0.21996794844250026	0.001949661143635515	0.002106202603830608	0.001998142465082732	0.2031566178361629	0.002795385064375225
32	33	0.0013184558768794782	0.015686148807754374	0.001948422848912603	0.0011657388830780824	0.2324485340815076	7.405593612990591E-4	0.06665008387188526	0.08043885696043607	0.0029149770698967408	0.002440964737864192	0.0021107518465237197	0.003330556699473583	0.002123068125117502	0.03988693154589603	8.636334078135974E-4	0.0011932279314046453	0.2779572626749489	0.1187049764217981	0.0010710035408956285	0.004026740982317345	0.0015517729175808835	0.11642069861332283	0.0036151739693469705	0.002834648513999019	0.011575567649195276	0.0011250245122962359	0.001215354557845448	0.001152999976235024	0.0018748260212535727	0.0016130375932223262
33	34	0.0034265230004199574	0.04076658962982779	0.005063738440867904	0.0030296281926437624	0.004524290286169084	0.0019246329961935462	0.6728697084448806	0.00919045018673224	0.007575707424762757	0.1062744832769205	0.005485613798021363	0.008655753548582511	0.005517622462566937	0.0037311018314485846	0.002244489017568291	0.003101069230605197	0.02286582939117968	0.008709238216554817	0.002783421372504186	0.010465060556520469	0.004032888537843524	0.0027726493724786463	0.009395442785545157	0.007366942270614771	0.03008363760094986	0.0029238159843036453	0.0031585739190446434	0.002996521163380669	0.004872468314082566	0.004192108746786368
34	35	0.0014282954536206454	0.14195683254995428	0.002110744504714925	0.0012628557208527926	0.0018858835168488175	8.022548099092317E-4	0.23882116252932892	0.21210404057256602	0.003157821637684225	0.0026443196914495105	0.002286597010168127	0.0452626503540722	0.0022999393487548835	0.0015552546363180799	9.355820635382733E-4	0.04294726231882698	0.00953128292402664	0.0036303171896642297	0.0011602280478989983	0.004362205773290004	0.0016810499631418636	0.0011557378989459652	0.04557097887663469	0.003070800969646264	0.09584917448029466	0.0012187494661767763	0.0013166048405171338	0.0012490555451722073	0.12699489875271916	0.0017474185532636057
35	36	0.0012243037819010024	0.01456598711080803	0.0018092842578182715	0.0010824924430838656	0.0016165383121887408	6.876753652966642E-4	0.16900686334947482	0.0032837669321379172	0.0027068159908968364	0.002266653296830274	0.0019600211987903632	0.038798158929147994	0.00197145796108612	0.0013331304305677796	8.01960585791292E-4	0.0011080184742671955	0.008170008313527538	0.0031118288961428154	9.945222350946708E-4	0.1465609487271469	0.0014409594473061727	0.10810699402485743	0.003357011213281692	0.002632223767899588	0.4749196689787232	0.0010446855213657785	0.0011285650188328747	0.0010706632327942092	0.0017409430444193616	0.0014978491585206897
36	37	0.0026362086223087533	0.0313639322050671	0.0038958066054995627	0.002330856078554941	0.0034807800971319606	0.0014807237828911453	0.2101466772165973	0.0070707081266325154	0.00582839958488542	0.0048806277112126905	0.004220378030798978	0.31418755284983624	0.004245004019725154	0.0028705375150177704	0.0017268062406309976	0.0023858195153208805	0.017591913607432647	0.006700485850352909	0.002141435916471212	0.008051334506933495	0.0031027182759229195	0.002133148436905671	0.007228419969347087	0.005667785312243711	0.2537911237831056	0.0022494490499321766	0.0024300609680905447	0.07918743896703667	0.0037486521993100237	0.003225214954803955
37	38	0.0018040255053710637	0.021463147175778845	0.002666000869900478	0.001595064889583618	0.002381987533412513	0.001013297448517446	0.09119641646604208	0.004838667810102305	0.003988524055967505	0.1611770524329654	0.0028881134616732724	0.004557156093198596	0.002904965660600874	0.0019643828061988717	0.00118169801682994	0.0016326777859794145	0.27510045505517006	0.004585315164407666	0.26452729495365646	0.005509735716614705	0.002123270085067764	0.0014597684547249536	0.00494659408890606	0.003878611569557949	0.015838694069703292	0.001539355961728234	0.1068876954176062	0.0015776344140869215	0.002565299317016106	0.002207097719631489
38	39	0.0012243037819010024	0.01456598711080803	0.0375147244737302	0.0010824924430838656	0.0016165383121887408	6.876753652966642E-4	0.20471230356538675	0.0032837669321379172	0.0027068159908968364	0.002266653296830274	0.0019600211987903632	0.003092718713236065	0.00197145796108612	0.0013331304305677796	8.01960585791292E-4	0.0011080184742671955	0.008170008313527538	0.0031118288961428154	9.945222350946708E-4	0.25367726937488266	0.0014409594473061727	9.9067337712165E-4	0.003357011213281692	0.002632223767899588	0.33209790811507545	0.0010446855213657785	0.07253944545065673	0.0010706632327942092	0.0017409430444193616	0.03720328937443262
39	40	0.004282411632094577	0.050949407784568836	0.006328576343541088	0.003786379082092606	0.005654382984176202	0.002405374407059905	0.34137456623984147	0.011486072260137831	0.009467993529643063	0.007928377407443456	0.0068558291699621	0.010817817267372973	0.006895833068188079	0.004663069205012344	0.0028051251591671637	0.0038756649068010527	0.15346904414041218	0.010884661518596515	0.0034786738805406194	0.013079059166485899	0.005040237226858047	0.003465211213514996	0.011742268611232554	0.009207082301441826	0.2873814508619839	0.00365413673853974	0.003947533312950049	0.0037450024658542236	0.006089530110459522	0.005239228004027147
40	41	0.001713855503713408	0.22032102005292267	0.15248074066456757	0.0015153392962870642	0.0022629294495900543	9.626501420683486E-4	0.08663817657451467	0.254510141003147	0.003789166996065952	0.003173000267752849	0.002743757855363254	0.004329377288933081	0.0027597677364850867	0.0018661977193673031	0.0011226336012664319	0.0015510721998999093	0.16138487221397177	0.004356128894732133	0.0013921932051339406	0.0052343444445837675	0.002017143388676722	0.0013868053377454803	0.004699350135941733	0.0036847482285934283	0.015047033937256057	0.0014624148490845928	0.0015798345128215476	0.0014987800423999023	0.05241974336241154	0.0020967810947028157
41	42	0.0013184558768794782	0.20794254867013975	0.001948422848912603	0.0011657388830780824	0.0017408542466451505	7.405593612990591E-4	0.18200392378931649	0.0035362970154819116	0.0029149770698967408	0.002440964737864192	0.0021107518465237197	0.003330556699473583	0.002123068125117502	0.001435651573418961	8.636334078135974E-4	0.0011932279314046453	0.12415214278504058	0.0033511365043668788	0.0010710035408956285	0.004026740982317345	0.11690561283501211	0.0010668586958916177	0.19587157383173232	0.11818848843143023	0.011575567649195276	0.0011250245122962359	0.001215354557845448	0.001152999976235024	0.0018748260212535727	0.0016130375932223262
42	43	0.0034265230004199574	0.04076658962982779	0.005063738440867904	0.0030296281926437624	0.10445497248170514	0.0019246329961935462	0.4730083440538084	0.00919045018673224	0.007575707424762757	0.006343801081384456	0.005485613798021363	0.008655753548582511	0.005517622462566937	0.0037311018314485846	0.002244489017568291	0.003101069230605197	0.12279651158671573	0.008709238216554817	0.002783421372504186	0.010465060556520469	0.004032888537843524	0.0027726493724786463	0.009395442785545157	0.007366942270614771	0.1300143197964859	0.0029238159843036453	0.0031585739190446434	0.002996521163380669	0.004872468314082566	0.004192108746786368
43	44	0.001713855503713408	0.07037302643111037	0.002532747042755284	0.0015153392962870642	0.0022629294495900543	9.626501420683486E-4	0.13662084111511877	0.0045968183001265425	0.003789166996065952	0.15312099388956513	0.002743757855363254	0.004329377288933081	0.0027597677364850867	0.0018661977193673031	0.0011226336012664319	0.0015510721998999093	0.06141954313276358	0.004356128894732133	0.0013921932051339406	0.5050609898506246	0.002017143388676722	0.0013868053377454803	0.004699350135941733	0.0036847482285934283	0.015047033937256057	0.0014624148490845928	0.0015798345128215476	0.0014987800423999023	0.0024370788218074494	0.0020967810947028157
44	45	0.00137117948307574	0.016313420714974672	0.0020263381442147126	0.0012123555039881026	0.00181046910092639	7.701735189017377E-4	0.14929315678640853	0.003677709659247105	0.003031543809671239	0.0025385762437438665	0.0021951585006148235	0.003463742013382588	0.002207967293697539	0.0014930617071362412	0.5207539281376017	0.0012409438092439984	0.049139041897673146	0.0034851447821291444	0.0011138317992508715	0.004187765943052876	0.0016138266166445172	0.20105404388946968	0.0037597408160904124	0.00294800300282016	0.01203846191887598	0.0011700130101197927	0.0012639552552372597	0.0011991071822153965	0.001949798260040228	0.0016775411995516517
45	46	0.0018040255053710637	0.33713737337145677	0.002666000869900478	0.001595064889583618	0.002381987533412513	0.001013297448517446	0.30164590059649404	0.004838667810102305	0.003988524055967505	0.0033399393351264423	0.05550048449428626	0.004557156093198596	0.002904965660600874	0.0019643828061988717	0.00118169801682994	0.0016326777859794145	0.01203859989210513	0.05719768619702065	0.00146543979059153	0.005509735716614705	0.002123270085067764	0.0014597684547249536	0.00494659408890606	0.003878611569557949	0.015838694069703292	0.001539355961728234	0.0016629533523802422	0.0015776344140869215	0.16040241241485506	0.002207097719631489
46	47	0.0012696367198992932	0.23727047517255426	0.0018762775745861122	0.0011225744582923321	0.0016763947237768244	7.131382815751229E-4	0.06418219627371613	0.003405356691914942	0.002807042685694411	0.002350581856790515	0.0020325959312984454	0.0032072344304509455	0.0020444561685876795	0.001382492949940811	8.316552008453271E-4	0.0011490456552148216	0.00847252349464344	0.0032270522161190816	0.0010313469312917733	0.0038776407328652614	0.0014943146082135037	0.0010273555596367445	0.33672903145818106	0.0027296884973497726	0.01114695303712474	0.0010833676398627516	0.0011703529874580727	0.0011103072416315796	0.29802560001589357	0.0015533108045907341
47	48	9.02177377674096E-4	0.1159774786655911	0.0013332437188513882	7.976780012367843E-4	0.0011912111331843246	5.067411919540952E-4	0.12453949014908998	0.002419775454037313	0.1335495590907093	0.0016702744512113532	0.18562122661360922	0.31801083332956726	0.0014527479207535553	9.823706613726938E-4	5.909568433773515E-4	8.164878817712104E-4	0.006020398519417335	0.002293076011685155	7.328536228999753E-4	0.0027553706450898223	0.0010618287999460874	7.300174374332047E-4	0.0024737484421704643	0.028250646343149548	0.007920792382948074	7.698184536328452E-4	0.053453601664932536	7.889611728835247E-4	0.0012828837529648498	0.0011037502668555963
48	49	0.0028557657593708025	0.033976083270684174	0.004220269600428165	0.0025249818708691354	0.0037706775302871385	0.0016040461450896825	0.1443635928348333	0.00765959339927274	0.006313818954081765	0.005287111719447626	0.004571873018684375	0.007213961383759776	0.42102450202371566	0.003109610778526995	0.08515581403436395	0.0025845229479315598	0.10234224988904013	0.007258537090220204	0.002319785814519303	0.008721891434375396	0.0033611287583130145	0.0023108081106401504	0.09111563071002296	0.006139827891160978	0.025072594629478098	0.002436794842367041	0.0026324490585190354	0.0024973894920780277	0.004060859411499875	0.0034938275964189057
49	50	0.0034265230004199574	0.04076658962982779	0.005063738440867904	0.0030296281926437624	0.004524290286169084	0.0019246329961935462	0.7728003906404166	0.00919045018673224	0.007575707424762757	0.006343801081384456	0.005485613798021363	0.008655753548582511	0.005517622462566937	0.0037311018314485846	0.002244489017568291	0.003101069230605197	0.02286582939117968	0.008709238216554817	0.002783421372504186	0.010465060556520469	0.004032888537843524	0.0027726493724786463	0.009395442785545157	0.007366942270614771	0.03008363760094986	0.0029238159843036453	0.0031585739190446434	0.002996521163380669	0.004872468314082566	0.004192108746786368
50	51	0.0024480012576499847	0.029124760776941556	0.003617672512379439	0.002164448808572073	0.003232276073780362	0.001375010176385512	0.4807164266242385	0.006565907659961033	0.0054122914981556015	0.004532184089704683	0.003919071745583661	0.006183905834060162	0.003941939606401656	0.14545199705348805	0.0016035240204473583	0.0022154882298034426	0.016335970632608457	0.006222116736028469	0.001988551957662326	0.007476523986736856	0.002881205295103278	0.0019808561477679537	0.00671235994983081	0.005263143992113724	0.021492569194132262	0.0020888536880783294	0.21643616573208097	0.002140796246116436	0.0034810239298764195	0.0029949565443105957
51	52	0.0031152172185799796	0.03706287158792127	0.00460368868950936	0.002754381018444198	0.004113250370594531	0.001749776624424958	0.33918288479196174	0.008355481245770397	0.006887440770032101	0.005767455335205124	0.004987235911150062	0.007869362759574124	0.005016336530910647	0.003392124514611278	0.0020405731505626695	0.0028193315095231754	0.020788427635765137	0.007917988249196385	0.0025305425310514005	0.009514290969346813	0.0036664933555572844	0.0025207491866162425	0.00854184989802377	0.006697642305885909	0.4816094842642621	0.0026581820396786374	0.0028716117935176752	0.0027242818223775795	0.00442979579800137	0.003811248121944044
52	53	0.001071298975770095	0.04398886077276747	0.0015831727394226096	9.472102126107659E-4	0.18887387954928317	6.017345738822627E-4	0.2103720387679802	0.0028733850234496103	0.00236853732016028	0.001983383038766544	0.0017150716462636705	0.002706212656380336	0.0017250791230963777	0.0011665252414867502	7.017372378219664E-4	9.695461814008943E-4	0.31958125315765884	0.002722934584121989	8.702338974916746E-4	0.09700157304272869	0.0012608785522400428	8.66866042499036E-4	0.0029374757536509873	0.0023032671043211293	0.04064884654687862	9.14128131911221E-4	0.06347397987577483	9.368593331519105E-4	0.0015233723263229646	0.0013106585907051178
53	54	0.0011427023976157086	0.4135026793112189	0.0016886931903184084	0.001010342962587402	0.001508794003974654	6.418409387624494E-4	0.15774234370417997	0.0030648997430513495	0.00252640330645688	0.002115578008613014	0.0018293833249111598	0.002886585127817228	0.0018400578126400386	0.0012442756135073705	7.485089058159162E-4	0.001034167651742175	0.007625467001263493	0.06955567718141044	9.282360794150571E-4	0.003489966297516136	0.00134491769089129	9.246437526585194E-4	0.003133262200892224	0.1690849217197088	0.010032515413261273	9.750559196717566E-4	0.0010533447433145491	9.9930218401617E-4	0.0016249070046009688	0.13470052680816672
54	55	0.0020161772348678093	0.023987193415828036	0.1793781315971966	0.0017826430440926345	0.002662107062403989	0.0011324602904825873	0.278319642117367	0.12300676499411153	0.004457570792886468	0.003732713109250851	0.003227752931321896	0.005093073431329498	0.0032465869332437844	0.002195392405834794	0.0013206646097450334	0.001824679182287393	0.013454328095628569	0.005124543983246707	0.0016377741534493297	0.30015536135807813	0.0023729646816212516	0.0016314358737346375	0.005528308974840529	0.004334732699817999	0.01770130983087362	0.0017203827978896212	0.0018585151272717307	0.0017631627608124202	0.002866976142072882	0.0024666503684128227
55	56	0.0028557657593708025	0.033976083270684174	0.004220269600428165	0.0025249818708691354	0.0037706775302871385	0.0016040461450896825	0.5607895448707617	0.00765959339927274	0.006313818954081765	0.005287111719447626	0.004571873018684375	0.007213961383759776	0.004598549987787233	0.003109610778526995	0.0018706236271782666	0.0025845229479315598	0.019057059481854436	0.007258537090220204	0.002319785814519303	0.008721891434375396	0.0033611287583130145	0.0023108081106401504	0.007830440302837261	0.006139827891160978	0.10835778503666378	0.002436794842367041	0.0026324490585190354	0.1690677703064494	0.004060859411499875	0.0034938275964189057
56	57	0.001071298975770095	0.26269145296221047	0.0015831727394226096	9.472102126107659E-4	0.001414514815474898	6.017345738822627E-4	0.2103720387679802	0.0028733850234496103	0.00236853732016028	0.18944274777257483	0.0017150716462636705	0.002706212656380336	0.0017250791230963777	0.0011665252414867502	7.017372378219664E-4	9.695461814008943E-4	0.007148978601311669	0.12769584440666085	8.702338974916746E-4	0.12824480049836343	0.0012608785522400428	8.66866042499036E-4	0.0029374757536509873	0.0023032671043211293	0.009405619091243907	9.14128131911221E-4	0.03223075242014012	9.368593331519105E-4	0.0015233723263229646	0.0013106585907051178
57	58	0.001071298975770095	0.26269145296221047	0.0015831727394226096	9.472102126107659E-4	0.001414514815474898	6.017345738822627E-4	0.2416152662236149	0.0028733850234496103	0.00236853732016028	0.001983383038766544	0.0017150716462636705	0.002706212656380336	0.0017250791230963777	0.0011665252414867502	7.017372378219664E-4	9.695461814008943E-4	0.007148978601311669	0.19018229931793026	8.702338974916746E-4	0.06575834558709398	0.0012608785522400428	8.66866042499036E-4	0.15915361303182454	0.0023032671043211293	0.04064884654687862	9.14128131911221E-4	9.875249645054018E-4	9.368593331519105E-4	0.0015233723263229646	0.0013106585907051178
58	59	0.0013184558768794782	0.16949126869766268	0.11730226276634383	0.0011657388830780824	0.2324485340815076	7.405593612990591E-4	0.37426032365170186	0.0035362970154819116	0.0029149770698967408	0.002440964737864192	0.0021107518465237197	0.003330556699473583	0.002123068125117502	0.001435651573418961	8.636334078135974E-4	0.0011932279314046453	0.008798302867609364	0.0033511365043668788	0.0010710035408956285	0.004026740982317345	0.0015517729175808835	0.0010668586958916177	0.042066453941824046	0.002834648513999019	0.011575567649195276	0.0011250245122962359	0.001215354557845448	0.001152999976235024	0.0018748260212535727	0.0016130375932223262
59	60	0.001071298975770095	0.3251779078734799	0.0015831727394226096	9.472102126107659E-4	0.001414514815474898	6.017345738822627E-4	0.11664235640107604	0.0028733850234496103	0.00236853732016028	0.001983383038766544	0.0017150716462636705	0.002706212656380336	0.0017250791230963777	0.0011665252414867502	7.017372378219664E-4	9.695461814008943E-4	0.16336511587948527	0.06520938949539143	8.702338974916746E-4	0.19073125540963284	0.0012608785522400428	8.66866042499036E-4	0.0029374757536509873	0.09603294947122527	0.009405619091243907	9.14128131911221E-4	9.875249645054018E-4	9.368593331519105E-4	0.0015233723263229646	0.0013106585907051178
60	61	0.001713855503713408	0.020390361890506276	0.002532747042755284	0.0015153392962870642	0.0022629294495900543	9.626501420683486E-4	0.28656883473693107	0.0045968183001265425	0.003789166996065952	0.003173000267752849	0.002743757855363254	0.004329377288933081	0.0027597677364850867	0.0018661977193673031	0.0011226336012664319	0.0015510721998999093	0.06141954313276358	0.004356128894732133	0.0013921932051339406	0.0052343444445837675	0.002017143388676722	0.0013868053377454803	0.004699350135941733	0.0036847482285934283	0.564856343883901	0.0014624148490845928	0.0015798345128215476	0.0014987800423999023	0.0024370788218074494	0.0020967810947028157
61	62	0.002284876609046672	0.02718400753894897	0.0033766058235860396	0.002020218918895823	0.0030168906048895186	0.0012833852022773754	0.31541177487499367	0.0061283828112928046	0.005051638844887413	0.004230178143127547	0.0036579210622040234	0.27231524253626677	0.003679265103641375	0.0024879760910997023	0.0014966718317301227	0.002067857284826561	0.015247409317245235	0.005807500688360345	0.0018560431044460925	0.006978319443622579	0.002689213726533208	0.001848860111398041	0.27280848266198376	0.004912429909929645	0.020060393542089973	0.001949661143635515	0.002106202603830608	0.001998142465082732	0.0032490629357526156	0.002795385064375225
